13





0
0
0
0
0
0
0
0
0
0
0
0
0
0
0
0
0
0
0
0
0
0
0
0
0
0
0
0
0
0
0
0
0
0
0
0
0
0
0
0
0
0
0
0
0
0
0
0
0
0
0
0
0
0
0
0
0
0
0
0
0
0
0
0
0
0
0
0
0
0
0
0
0
0
0
0
0
0
0
0
0
0
0
0
0
0
0
0
0
0
0
0
0
0
0
0
0
0
0
0
0
0
0
0
0
0
0
0
0
0
0
0
0
0
0
0
0
0
0
0
0
0
0
0
0
0
0
0
0
0
0
0
0
0
0
0
0
0
0
0
0
0
0
0
0
0
0
0
0
0
0
0
0
0
0
0
0
0
0
0
0
0
0
0
0
0
0
0
0
0
0
0
0
0
0
0
0
0
0
0
0
0
0
0
0
0
0
0
0
0
0
0
0
0
0
0
0
0




1	0	1
1	1	1
1	2	1
1	3	1
1	4	1
1	5	1
1	6	1
1	7	1
1	8	1
1	9	1
1	10	1
1	11	1
1	12	1
1	13	1
1	14	1
1	15	1
1	16	1
1	17	1
1	18	1
1	19	1
1	20	1
1	21	1
1	22	1
1	23	1
1	24	1
1	25	1
1	26	1
1	27	1
1	28	1
1	29	1
1	30	1
1	31	1
1	32	1
1	33	1
1	34	1
1	35	1
1	36	1
1	37	1
1	38	1
1	39	1
1	40	1
1	41	1
1	42	1
1	43	1
1	44	1
1	45	1
1	46	1
1	47	1
1	48	1
1	49	1
1	50	1
1	51	1
1	52	1
1	53	1
1	54	1
1	55	1
1	56	1
1	57	1
1	58	1
1	59	1
1	60	1
1	61	1
1	62	1
1	63	1
1	64	1
1	65	1




1	1	-1
1	1	-0.5
1	1	0.5


1	2	-0.625
1	2	-0.625
1	2	0.125


1	2	1.5
1	2	0.3
1	2	0.9


1	3	-0.4666666667
1	3	-0.7
1	3	0.03333333333


1	3	1
1	3	0.4285714286
1	3	0.2857142857


1	3	-1.8
1	3	-0.2
1	3	1.2


1	4	-0.375
1	4	-0.75
1	4	0.008928571429


1	4	0.7777777778
1	4	0.5185185185
1	4	0.09259259259


1	4	-1.25
1	4	-0.3125
1	4	0.4464285714


1	4	2
1	4	0.1428571429
1	4	1.428571429


1	5	-0.3142857143
1	5	-0.7857142857
1	5	0.002380952381


1	5	0.6428571429
1	5	0.5844155844
1	5	0.02922077922


1	5	-1
1	5	-0.4
1	5	0.1666666667


1	5	1.428571429
1	5	0.2380952381
1	5	0.5952380952


1	5	-2.142857143
1	5	-0.1071428571
1	5	1.607142857


1	6	-0.2708333333
1	6	-0.8125
1	6	0.0006313131313


1	6	0.55
1	6	0.6346153846
1	6	0.008974358974


1	6	-0.84375
1	6	-0.46875
1	6	0.05965909091


1	6	1.166666667
1	6	0.3181818182
1	6	0.2474747475


1	6	-1.5625
1	6	-0.1875
1	6	0.7291666667


1	6	2.25
1	6	0.08333333333
1	6	1.75


1	7	-0.2380952381
1	7	-0.8333333333
1	7	0.0001665001665


1	7	0.4814814815
1	7	0.6740740741
1	7	0.002693602694


1	7	-0.7333333333
1	7	-0.5238095238
1	7	0.02051282051


1	7	1
1	7	0.3846153846
1	7	0.0979020979


1	7	-1.296296296
1	7	-0.2592592593
1	7	0.32996633


1	7	1.666666667
1	7	0.1515151515
1	7	0.8484848485


1	7	-2.333333333
1	7	-0.06666666667
1	7	1.866666667


1	8	-0.2125
1	8	-0.85
1	8	4.370629371e-05


1	8	0.4285714286
1	8	0.7058823529
1	8	0.0007933243227


1	8	-0.65
1	8	-0.56875
1	8	0.006818181818


1	8	0.88
1	8	0.44
1	8	0.03692307692


1	8	-1.125
1	8	-0.3214285714
1	8	0.1416083916


1	8	1.4
1	8	0.2153846154
1	8	0.4111888112


1	8	-1.75
1	8	-0.125
1	8	0.9545454545


1	8	2.4
1	8	0.05454545455
1	8	1.963636364


1	9	-0.1919191919
1	9	-0.8636363636
1	9	1.142648201e-05


1	9	0.3863636364
1	9	0.7320574163
1	9	0.0002300331248


1	9	-0.5844155844
1	9	-0.6060606061
1	9	0.002203678674


1	9	0.7878787879
1	9	0.486631016
1	9	0.01336898396


1	9	-1
1	9	-0.375
1	9	0.05769230769


1	9	1.227272727
1	9	0.2727272727
1	9	0.1888111888


1	9	-1.484848485
1	9	-0.1818181818
1	9	0.4895104895


1	9	1.818181818
1	9	0.1048951049
1	9	1.048951049


1	9	-2.454545455
1	9	-0.04545454545
1	9	2.045454545


1	10	-0.175
1	10	-0.875
1	10	2.976899262e-06


1	10	0.3518518519
1	10	0.753968254
1	10	6.583830113e-05


1	10	-0.53125
1	10	-0.6375
1	10	0.0006958502024


1	10	0.7142857143
1	10	0.5263157895
1	10	0.004677984554


1	10	-0.9027777778
1	10	-0.4212962963
1	10	0.02246732026


1	10	1.1
1	10	0.3235294118
1	10	0.08212669683


1	10	-1.3125
1	10	-0.234375
1	10	0.2379807692


1	10	1.555555556
1	10	0.1555555556
1	10	0.5641025641


1	10	-1.875
1	10	-0.08928571429
1	10	1.133241758


1	10	2.5
1	10	0.03846153846
1	10	2.115384615


1	11	-0.1608391608
1	11	-0.8846153846
0


1	11	0.3230769231
1	11	0.7725752508
1	11	1.863797799e-05


1	11	-0.4871794872
1	11	-0.6643356643
1	11	0.0002154708037


1	11	0.6538461538
1	11	0.5604395604
1	11	0.001590514748


1	11	-0.8241758242
1	11	-0.4615384615
1	11	0.008420372197


1	11	1
1	11	0.3684210526
1	11	0.03405572755


1	11	-1.184615385
1	11	-0.2820512821
1	11	0.1095022624


1	11	1.384615385
1	11	0.2036199095
1	11	0.2879767292


1	11	-1.615384615
1	11	-0.1346153846
1	11	0.6346153846


1	11	1.923076923
1	11	0.07692307692
1	11	1.208791209


1	11	-2.538461538
1	11	-0.03296703297
1	11	2.175824176






1	0	1
2	1	0.5	2	0.625
2	1	1.2	2	-0.5
3	3	0.2	4	0.4666666667	5	0.4666666667
3	3	0.8571428571	4	0.5	5	-0.5
3	3	1.2	4	-0.7	5	0.3
4	6	0.07142857143	7	0.2410714286	8	0.4285714286	9	0.375
4	6	0.4444444444	7	0.7	8	0.1777777778	9	-0.4666666667
4	6	1.071428571	7	0.2410714286	8	-0.5714285714	9	0.375
4	6	1.142857143	7	-0.7714285714	8	0.4571428571	9	-0.2
5	10	0.02380952381	11	0.1047619048	12	0.2619047619	13	0.3928571429	14	0.3142857143
4	10	0.1948051948	11	0.5	12	0.5357142857	14	-0.4285714286
5	10	0.6666666667	11	0.7333333333	12	-0.1666666667	13	-0.4	14	0.4
4	10	1.19047619	12	-0.4761904762	13	0.5	14	-0.2857142857
5	10	1.071428571	11	-0.7857142857	12	0.5357142857	13	-0.3214285714	14	0.1428571429
6	15	0.007575757576	16	0.04103535354	17	0.1313131313	18	0.2708333333	19	0.3611111111	20	0.2708333333
6	15	0.07692307692	16	0.2738095238	17	0.4952380952	18	0.3928571429	19	-0.1047619048	20	-0.3928571429
6	15	0.3409090909	16	0.6858766234	17	0.4090909091	18	-0.3348214286	19	-0.25	20	0.4017857143
6	15	0.8484848485	16	0.6565656566	17	-0.404040404	18	-0.1666666667	19	0.4444444444	20	-0.3333333333
6	15	1.25	16	-0.193452381	17	-0.3333333333	18	0.4910714286	19	-0.4166666667	20	0.2232142857
6	15	1	16	-0.7738095238	17	0.5714285714	18	-0.3928571429	19	0.2380952381	20	-0.1071428571
7	21	0.002331002331	22	0.01498501499	23	0.05827505828	24	0.1515151515	25	0.2727272727	26	0.3333333333	27	0.2380952381
7	21	0.02828282828	22	0.1287878788	23	0.3240740741	24	0.4595959596	25	0.2757575758	26	-0.1685185185	27	-0.3611111111
7	21	0.1538461538	22	0.4532967033	23	0.5961538462	24	0.1571428571	25	-0.3857142857	26	-0.130952381	27	0.3928571429
7	21	0.4895104895	22	0.7867132867	23	0.1923076923	24	-0.474025974	25	0.05844155844	26	0.3571428571	27	-0.3571428571
7	21	0.9898989899	22	0.5303030303	23	-0.5303030303	24	0.06565656566	25	0.3181818182	26	-0.4259259259	27	0.2777777778
7	21	1.272727273	22	-0.3409090909	23	-0.1893939394	24	0.4220779221	25	-0.4480519481	26	0.3452380952	27	-0.1785714286
7	21	0.9333333333	22	-0.75	23	0.5833333333	24	-0.4333333333	25	0.3	26	-0.1833333333	27	0.08333333333
8	28	0.0006993006993	29	0.005201048951	30	0.02377622378	31	0.0743006993	32	0.1664335664	33	0.2704545455	34	0.3090909091	35	0.2125
8	28	0.009872480461	29	0.05477855478	30	0.1758241758	31	0.3496503497	32	0.4102564103	33	0.1818181818	34	-0.2077922078	35	-0.3333333333
8	28	0.06363636364	29	0.2479166667	30	0.496969697	31	0.4640151515	32	-0.02121212121	33	-0.3791666667	34	-0.03939393939	35	0.3791666667
8	28	0.2461538462	29	0.6102564103	30	0.5743589744	31	-0.1153846154	32	-0.4020512821	33	0.2	34	0.2666666667	35	-0.3666666667
8	28	0.6293706294	29	0.8173076923	30	-0.02997002997	31	-0.4589160839	32	0.2902097902	33	0.1339285714	34	-0.3896103896	35	0.3125
8	28	1.096503497	29	0.3883449883	30	-0.5743589744	31	0.2447552448	32	0.1435897436	33	-0.3727272727	34	0.3878787879	35	-0.2333333333
8	28	1.272727273	29	-0.4507575758	30	-0.06060606061	31	0.3314393939	32	-0.4242424242	33	0.3939393939	34	-0.2878787879	35	0.1458333333
8	28	0.8727272727	29	-0.7212121212	30	0.5818181818	31	-0.4545454545	32	0.3393939394	33	-0.2363636364	34	0.1454545455	35	-0.06666666667
9	36	0.0002056766763	37	0.001736825266	38	0.009118332648	39	0.03321678322	40	0.08857808858	41	0.1771561772	42	0.2657342657	43	0.2878787879	44	0.1919191919
9	36	0.003312476997	37	0.02167832168	38	0.08444055944	39	0.213986014	40	0.3566433566	41	0.3566433566	42	0.106993007	43	-0.2318181818	44	-0.3090909091
9	36	0.02468120115	37	0.1198409434	38	0.321472645	39	0.4875124875	40	0.3263403263	41	-0.1398601399	42	-0.3456543457	43	0.0303030303	44	0.3636363636
9	36	0.1122994652	37	0.3793226381	38	0.608912656	39	0.3303030303	40	-0.2828282828	41	-0.2828282828	42	0.2787878788	43	0.1838383838	44	-0.3676767677
9	36	0.3461538462	37	0.7307692308	38	0.4711538462	39	-0.3269230769	40	-0.2564102564	41	0.3717948718	42	-0.01923076923	43	-0.3333333333	44	0.3333333333
9	36	0.7552447552	37	0.7972027972	38	-0.2202797203	39	-0.3566433566	40	0.4055944056	41	-0.09440559441	42	-0.2465034965	43	0.3863636364	44	-0.2727272727
9	36	1.174825175	37	0.248018648	38	-0.5645687646	39	0.3645687646	40	-0.02175602176	41	-0.2556332556	42	0.3801864802	43	-0.3464646465	44	0.197979798
9	36	1.258741259	37	-0.5314685315	38	0.04895104895	39	0.2377622378	40	-0.372960373	41	0.3962703963	42	-0.3426573427	43	0.2424242424	44	-0.1212121212
9	36	0.8181818182	37	-0.6909090909	38	0.5727272727	39	-0.4636363636	40	0.3636363636	41	-0.2727272727	42	0.1909090909	43	-0.1181818182	44	0.05454545455
10	45	5.953798523e-05	46	0.0005626339605	47	0.003334127173	48	0.01385746606	49	0.042760181	50	0.1009615385	51	0.1846153846	52	0.2596153846	53	0.2692307692	54	0.175
10	45	0.001077354019	46	0.008124228712	47	0.03717415482	48	0.1139791581	49	0.2422871246	50	0.3506216006	51	0.3036963037	52	0.04745254745	53	-0.2460502461	54	-0.2878787879
10	45	0.009109311741	46	0.05304103791	47	0.1779536253	48	0.3675917832	49	0.4437062937	50	0.2006118881	51	-0.213986014	52	-0.3009178322	53	0.08321678322	54	0.3477272727
10	45	0.04763038819	46	0.2045941674	47	0.4624477689	48	0.5250925545	49	0.1142387025	50	-0.3496503497	51	-0.1598401598	52	0.3146853147	53	0.1118881119	54	-0.3636363636
10	45	0.1715686275	46	0.5076871658	47	0.651614181	48	0.133355615	49	-0.4157754011	50	-0.05155723906	51	0.3636363636	52	-0.1325757576	53	-0.271043771	54	0.3446969697
10	45	0.4479638009	46	0.8124434389	47	0.3257918552	48	-0.4513574661	49	-0.05701357466	50	0.3782051282	51	-0.2461538462	52	-0.1153846154	53	0.358974359	54	-0.3
10	45	0.8653846154	46	0.7434440559	47	-0.3671328671	48	-0.2179851399	49	0.4248251748	50	-0.2600524476	51	-0.05594405594	52	0.3048513986	53	-0.3671328671	54	0.2386363636
10	45	1.230769231	46	0.1174825175	47	-0.5221445221	48	0.434032634	49	-0.1566433566	50	-0.1232841233	51	0.3083139083	52	-0.365967366	53	0.3074851075	54	-0.1696969697
10	45	1.236263736	46	-0.590034965	47	0.1398601399	48	0.1494755245	49	-0.3101898102	50	0.3715034965	51	-0.3596403596	52	0.2978271728	53	-0.2062937063	54	0.1022727273
10	45	0.7692307692	46	-0.6608391608	47	0.5594405594	48	-0.465034965	49	0.3776223776	50	-0.2972027972	51	0.2237762238	52	-0.1573426573	53	0.0979020979	54	-0.04545454545
10	56	0.0001778407351	57	0.001173748852	58	0.005477494642	59	0.01917123125	60	0.0520361991	61	0.1115061409	62	0.1895604396	63	0.2527472527	64	0.2527472527	65	0.1608391608
10	55	0.0003416962631	56	0.002917361276	57	0.0153250774	58	0.05501309836	59	0.1412002858	60	0.2613122172	61	0.3359728507	62	0.2538461538	64	-0.2538461538	65	-0.2692307692
11	55	0.003232062056	56	0.02196333079	57	0.08839689722	58	0.2296722885	59	0.3872891814	60	0.3810160428	61	0.09350943174	62	-0.2562437562	63	-0.2530802531	64	0.1233766234	65	0.3321678322
11	55	0.01908617698	56	0.0997686524	57	0.2906304222	58	0.48895841	59	0.3999815974	60	-0.05244755245	61	-0.3521478521	62	-0.05094905095	63	0.3226773227	64	0.05094905095	65	-0.3566433566
11	55	0.07859014051	56	0.3012622053	57	0.576565849	58	0.4705665851	59	-0.1177228344	60	-0.3781512605	61	0.1084209908	62	0.3076923077	63	-0.2097902098	64	-0.2097902098	65	0.3496503497
10	55	0.2383900929	56	0.6230650155	57	0.6339009288	58	-0.06895581199	59	-0.4226006192	60	0.172459893	61	0.2606951872	62	-0.3181818182	64	0.3181818182	65	-0.3181818182
11	55	0.5475113122	56	0.8585972851	57	0.1667420814	58	-0.4962292609	59	0.1298642534	60	0.2794117647	61	-0.3518099548	62	0.1102564103	63	0.2051282051	64	-0.3615384615	65	0.2692307692
11	55	0.9599224305	56	0.6690368455	57	-0.4712346477	58	-0.07404360346	59	0.3800904977	60	-0.3517071164	61	0.1137098196	62	0.1583416583	63	-0.3296703297	64	0.3416583417	65	-0.2097902098
9	55	1.269230769	57	-0.4615384615	58	0.465034965	59	-0.256993007	61	0.2097902098	62	-0.3269230769	63	0.3426573427	64	-0.2727272727	65	0.1468531469
11	55	1.208791209	56	-0.6318681319	57	0.2142857143	58	0.06993006993	59	-0.2447552448	60	0.3321678322	61	-0.3521478521	62	0.3226773227	63	-0.2597402597	64	0.1773226773	65	-0.08741258741
11	55	0.7252747253	56	-0.6318681319	57	0.543956044	58	-0.4615384615	59	0.3846153846	60	-0.3131868132	61	0.2472527473	62	-0.1868131868	63	0.1318681319	64	-0.08241758242	65	0.03846153846




0
0
0


0
0
0


0
0
0


0
0
0


0
0
0


0
0
0


0
0
0


0
0
0


0
0
0


0
0
0


0
0
0


0
0
0


0
0
0


0
0
0


0
0
0


0
0
0


0
0
0


0
0
0


0
0
0


0
0
0


0
0
0


0
0
0


0
0
0


0
0
0


0
0
0


0
0
0


0
0
0


0
0
0


0
0
0


0
0
0


0
0
0


0
0
0


0
0
0


0
0
0


0
0
0


0
0
0


0
0
0


0
0
0


0
0
0


0
0
0


0
0
0


0
0
0


0
0
0


0
0
0


0
0
0


0
0
0


0
0
0


0
0
0


0
0
0


0
0
0


0
0
0


0
0
0


0
0
0


0
0
0


0
0
0


0
0
0


0
0
0


0
0
0


0
0
0


0
0
0


0
0
0


0
0
0


0
0
0


0
0
0


0
0
0


0
0
0






1	0	1
1	1	-1
1	2	1
1	3	1
1	4	-1
1	5	1
1	6	-1
1	7	1
1	8	-1
1	9	1
1	10	1
1	11	-1
1	12	1
1	13	-1
1	14	1
1	15	-1
1	16	1
1	17	-1
1	18	1
1	19	-1
1	20	1
1	21	1
1	22	-1
1	23	1
1	24	-1
1	25	1
1	26	-1
1	27	1
1	28	-1
1	29	1
1	30	-1
1	31	1
1	32	-1
1	33	1
1	34	-1
1	35	1
1	36	1
1	37	-1
1	38	1
1	39	-1
1	40	1
1	41	-1
1	42	1
1	43	-1
1	44	1
1	45	-1
1	46	1
1	47	-1
1	48	1
1	49	-1
1	50	1
1	51	-1
1	52	1
1	53	-1
1	54	1
1	55	1
1	56	-1
1	57	1
1	58	-1
1	59	1
1	60	-1
1	61	1
1	62	-1
1	63	1
1	64	-1
1	65	1




1	1	-1
1	1	-0.5
1	1	0.5


1	2	0.625
1	2	0.625
1	2	-0.125


1	2	1.5
1	2	0.3
1	2	0.9


1	3	-0.4666666667
1	3	-0.7
1	3	0.03333333333


1	3	-1
1	3	-0.4285714286
1	3	-0.2857142857


1	3	-1.8
1	3	-0.2
1	3	1.2


1	4	0.375
1	4	0.75
1	4	-0.008928571429


1	4	0.7777777778
1	4	0.5185185185
1	4	0.09259259259


1	4	1.25
1	4	0.3125
1	4	-0.4464285714


1	4	2
1	4	0.1428571429
1	4	1.428571429


1	5	-0.3142857143
1	5	-0.7857142857
1	5	0.002380952381


1	5	-0.6428571429
1	5	-0.5844155844
1	5	-0.02922077922


1	5	-1
1	5	-0.4
1	5	0.1666666667


1	5	-1.428571429
1	5	-0.2380952381
1	5	-0.5952380952


1	5	-2.142857143
1	5	-0.1071428571
1	5	1.607142857


1	6	0.2708333333
1	6	0.8125
1	6	-0.0006313131313


1	6	0.55
1	6	0.6346153846
1	6	0.008974358974


1	6	0.84375
1	6	0.46875
1	6	-0.05965909091


1	6	1.166666667
1	6	0.3181818182
1	6	0.2474747475


1	6	1.5625
1	6	0.1875
1	6	-0.7291666667


1	6	2.25
1	6	0.08333333333
1	6	1.75


1	7	-0.2380952381
1	7	-0.8333333333
1	7	0.0001665001665


1	7	-0.4814814815
1	7	-0.6740740741
1	7	-0.002693602694


1	7	-0.7333333333
1	7	-0.5238095238
1	7	0.02051282051


1	7	-1
1	7	-0.3846153846
1	7	-0.0979020979


1	7	-1.296296296
1	7	-0.2592592593
1	7	0.32996633


1	7	-1.666666667
1	7	-0.1515151515
1	7	-0.8484848485


1	7	-2.333333333
1	7	-0.06666666667
1	7	1.866666667


1	8	0.2125
1	8	0.85
1	8	-4.370629371e-05


1	8	0.4285714286
1	8	0.7058823529
1	8	0.0007933243227


1	8	0.65
1	8	0.56875
1	8	-0.006818181818


1	8	0.88
1	8	0.44
1	8	0.03692307692


1	8	1.125
1	8	0.3214285714
1	8	-0.1416083916


1	8	1.4
1	8	0.2153846154
1	8	0.4111888112


1	8	1.75
1	8	0.125
1	8	-0.9545454545


1	8	2.4
1	8	0.05454545455
1	8	1.963636364


1	9	-0.1919191919
1	9	-0.8636363636
1	9	1.142648201e-05


1	9	-0.3863636364
1	9	-0.7320574163
1	9	-0.0002300331248


1	9	-0.5844155844
1	9	-0.6060606061
1	9	0.002203678674


1	9	-0.7878787879
1	9	-0.486631016
1	9	-0.01336898396


1	9	-1
1	9	-0.375
1	9	0.05769230769


1	9	-1.227272727
1	9	-0.2727272727
1	9	-0.1888111888


1	9	-1.484848485
1	9	-0.1818181818
1	9	0.4895104895


1	9	-1.818181818
1	9	-0.1048951049
1	9	-1.048951049


1	9	-2.454545455
1	9	-0.04545454545
1	9	2.045454545


1	10	0.175
1	10	0.875
1	10	-2.976899262e-06


1	10	0.3518518519
1	10	0.753968254
1	10	6.583830113e-05


1	10	0.53125
1	10	0.6375
1	10	-0.0006958502024


1	10	0.7142857143
1	10	0.5263157895
1	10	0.004677984554


1	10	0.9027777778
1	10	0.4212962963
1	10	-0.02246732026


1	10	1.1
1	10	0.3235294118
1	10	0.08212669683


1	10	1.3125
1	10	0.234375
1	10	-0.2379807692


1	10	1.555555556
1	10	0.1555555556
1	10	0.5641025641


1	10	1.875
1	10	0.08928571429
1	10	-1.133241758


1	10	2.5
1	10	0.03846153846
1	10	2.115384615


1	11	-0.1608391608
1	11	-0.8846153846
0


1	11	-0.3230769231
1	11	-0.7725752508
1	11	-1.863797799e-05


1	11	-0.4871794872
1	11	-0.6643356643
1	11	0.0002154708037


1	11	-0.6538461538
1	11	-0.5604395604
1	11	-0.001590514748


1	11	-0.8241758242
1	11	-0.4615384615
1	11	0.008420372197


1	11	-1
1	11	-0.3684210526
1	11	-0.03405572755


1	11	-1.184615385
1	11	-0.2820512821
1	11	0.1095022624


1	11	-1.384615385
1	11	-0.2036199095
1	11	-0.2879767292


1	11	-1.615384615
1	11	-0.1346153846
1	11	0.6346153846


1	11	-1.923076923
1	11	-0.07692307692
1	11	-1.208791209


1	11	-2.538461538
1	11	-0.03296703297
1	11	2.175824176






1	0	1
2	1	-0.5	2	-0.625
2	1	1.2	2	-0.5
3	3	0.2	4	0.4666666667	5	0.4666666667
3	3	-0.8571428571	4	-0.5	5	0.5
3	3	1.2	4	-0.7	5	0.3
4	6	-0.07142857143	7	-0.2410714286	8	-0.4285714286	9	-0.375
4	6	0.4444444444	7	0.7	8	0.1777777778	9	-0.4666666667
4	6	-1.071428571	7	-0.2410714286	8	0.5714285714	9	-0.375
4	6	1.142857143	7	-0.7714285714	8	0.4571428571	9	-0.2
5	10	0.02380952381	11	0.1047619048	12	0.2619047619	13	0.3928571429	14	0.3142857143
4	10	-0.1948051948	11	-0.5	12	-0.5357142857	14	0.4285714286
5	10	0.6666666667	11	0.7333333333	12	-0.1666666667	13	-0.4	14	0.4
4	10	-1.19047619	12	0.4761904762	13	-0.5	14	0.2857142857
5	10	1.071428571	11	-0.7857142857	12	0.5357142857	13	-0.3214285714	14	0.1428571429
6	15	-0.007575757576	16	-0.04103535354	17	-0.1313131313	18	-0.2708333333	19	-0.3611111111	20	-0.2708333333
6	15	0.07692307692	16	0.2738095238	17	0.4952380952	18	0.3928571429	19	-0.1047619048	20	-0.3928571429
6	15	-0.3409090909	16	-0.6858766234	17	-0.4090909091	18	0.3348214286	19	0.25	20	-0.4017857143
6	15	0.8484848485	16	0.6565656566	17	-0.404040404	18	-0.1666666667	19	0.4444444444	20	-0.3333333333
6	15	-1.25	16	0.193452381	17	0.3333333333	18	-0.4910714286	19	0.4166666667	20	-0.2232142857
6	15	1	16	-0.7738095238	17	0.5714285714	18	-0.3928571429	19	0.2380952381	20	-0.1071428571
7	21	0.002331002331	22	0.01498501499	23	0.05827505828	24	0.1515151515	25	0.2727272727	26	0.3333333333	27	0.2380952381
7	21	-0.02828282828	22	-0.1287878788	23	-0.3240740741	24	-0.4595959596	25	-0.2757575758	26	0.1685185185	27	0.3611111111
7	21	0.1538461538	22	0.4532967033	23	0.5961538462	24	0.1571428571	25	-0.3857142857	26	-0.130952381	27	0.3928571429
7	21	-0.4895104895	22	-0.7867132867	23	-0.1923076923	24	0.474025974	25	-0.05844155844	26	-0.3571428571	27	0.3571428571
7	21	0.9898989899	22	0.5303030303	23	-0.5303030303	24	0.06565656566	25	0.3181818182	26	-0.4259259259	27	0.2777777778
7	21	-1.272727273	22	0.3409090909	23	0.1893939394	24	-0.4220779221	25	0.4480519481	26	-0.3452380952	27	0.1785714286
7	21	0.9333333333	22	-0.75	23	0.5833333333	24	-0.4333333333	25	0.3	26	-0.1833333333	27	0.08333333333
8	28	-0.0006993006993	29	-0.005201048951	30	-0.02377622378	31	-0.0743006993	32	-0.1664335664	33	-0.2704545455	34	-0.3090909091	35	-0.2125
8	28	0.009872480461	29	0.05477855478	30	0.1758241758	31	0.3496503497	32	0.4102564103	33	0.1818181818	34	-0.2077922078	35	-0.3333333333
8	28	-0.06363636364	29	-0.2479166667	30	-0.496969697	31	-0.4640151515	32	0.02121212121	33	0.3791666667	34	0.03939393939	35	-0.3791666667
8	28	0.2461538462	29	0.6102564103	30	0.5743589744	31	-0.1153846154	32	-0.4020512821	33	0.2	34	0.2666666667	35	-0.3666666667
8	28	-0.6293706294	29	-0.8173076923	30	0.02997002997	31	0.4589160839	32	-0.2902097902	33	-0.1339285714	34	0.3896103896	35	-0.3125
8	28	1.096503497	29	0.3883449883	30	-0.5743589744	31	0.2447552448	32	0.1435897436	33	-0.3727272727	34	0.3878787879	35	-0.2333333333
8	28	-1.272727273	29	0.4507575758	30	0.06060606061	31	-0.3314393939	32	0.4242424242	33	-0.3939393939	34	0.2878787879	35	-0.1458333333
8	28	0.8727272727	29	-0.7212121212	30	0.5818181818	31	-0.4545454545	32	0.3393939394	33	-0.2363636364	34	0.1454545455	35	-0.06666666667
9	36	0.0002056766763	37	0.001736825266	38	0.009118332648	39	0.03321678322	40	0.08857808858	41	0.1771561772	42	0.2657342657	43	0.2878787879	44	0.1919191919
9	36	-0.003312476997	37	-0.02167832168	38	-0.08444055944	39	-0.213986014	40	-0.3566433566	41	-0.3566433566	42	-0.106993007	43	0.2318181818	44	0.3090909091
9	36	0.02468120115	37	0.1198409434	38	0.321472645	39	0.4875124875	40	0.3263403263	41	-0.1398601399	42	-0.3456543457	43	0.0303030303	44	0.3636363636
9	36	-0.1122994652	37	-0.3793226381	38	-0.608912656	39	-0.3303030303	40	0.2828282828	41	0.2828282828	42	-0.2787878788	43	-0.1838383838	44	0.3676767677
9	36	0.3461538462	37	0.7307692308	38	0.4711538462	39	-0.3269230769	40	-0.2564102564	41	0.3717948718	42	-0.01923076923	43	-0.3333333333	44	0.3333333333
9	36	-0.7552447552	37	-0.7972027972	38	0.2202797203	39	0.3566433566	40	-0.4055944056	41	0.09440559441	42	0.2465034965	43	-0.3863636364	44	0.2727272727
9	36	1.174825175	37	0.248018648	38	-0.5645687646	39	0.3645687646	40	-0.02175602176	41	-0.2556332556	42	0.3801864802	43	-0.3464646465	44	0.197979798
9	36	-1.258741259	37	0.5314685315	38	-0.04895104895	39	-0.2377622378	40	0.372960373	41	-0.3962703963	42	0.3426573427	43	-0.2424242424	44	0.1212121212
9	36	0.8181818182	37	-0.6909090909	38	0.5727272727	39	-0.4636363636	40	0.3636363636	41	-0.2727272727	42	0.1909090909	43	-0.1181818182	44	0.05454545455
10	45	-5.953798523e-05	46	-0.0005626339605	47	-0.003334127173	48	-0.01385746606	49	-0.042760181	50	-0.1009615385	51	-0.1846153846	52	-0.2596153846	53	-0.2692307692	54	-0.175
10	45	0.001077354019	46	0.008124228712	47	0.03717415482	48	0.1139791581	49	0.2422871246	50	0.3506216006	51	0.3036963037	52	0.04745254745	53	-0.2460502461	54	-0.2878787879
10	45	-0.009109311741	46	-0.05304103791	47	-0.1779536253	48	-0.3675917832	49	-0.4437062937	50	-0.2006118881	51	0.213986014	52	0.3009178322	53	-0.08321678322	54	-0.3477272727
10	45	0.04763038819	46	0.2045941674	47	0.4624477689	48	0.5250925545	49	0.1142387025	50	-0.3496503497	51	-0.1598401598	52	0.3146853147	53	0.1118881119	54	-0.3636363636
10	45	-0.1715686275	46	-0.5076871658	47	-0.651614181	48	-0.133355615	49	0.4157754011	50	0.05155723906	51	-0.3636363636	52	0.1325757576	53	0.271043771	54	-0.3446969697
10	45	0.4479638009	46	0.8124434389	47	0.3257918552	48	-0.4513574661	49	-0.05701357466	50	0.3782051282	51	-0.2461538462	52	-0.1153846154	53	0.358974359	54	-0.3
10	45	-0.8653846154	46	-0.7434440559	47	0.3671328671	48	0.2179851399	49	-0.4248251748	50	0.2600524476	51	0.05594405594	52	-0.3048513986	53	0.3671328671	54	-0.2386363636
10	45	1.230769231	46	0.1174825175	47	-0.5221445221	48	0.434032634	49	-0.1566433566	50	-0.1232841233	51	0.3083139083	52	-0.365967366	53	0.3074851075	54	-0.1696969697
10	45	-1.236263736	46	0.590034965	47	-0.1398601399	48	-0.1494755245	49	0.3101898102	50	-0.3715034965	51	0.3596403596	52	-0.2978271728	53	0.2062937063	54	-0.1022727273
10	45	0.7692307692	46	-0.6608391608	47	0.5594405594	48	-0.465034965	49	0.3776223776	50	-0.2972027972	51	0.2237762238	52	-0.1573426573	53	0.0979020979	54	-0.04545454545
10	56	0.0001778407351	57	0.001173748852	58	0.005477494642	59	0.01917123125	60	0.0520361991	61	0.1115061409	62	0.1895604396	63	0.2527472527	64	0.2527472527	65	0.1608391608
10	55	-0.0003416962631	56	-0.002917361276	57	-0.0153250774	58	-0.05501309836	59	-0.1412002858	60	-0.2613122172	61	-0.3359728507	62	-0.2538461538	64	0.2538461538	65	0.2692307692
11	55	0.003232062056	56	0.02196333079	57	0.08839689722	58	0.2296722885	59	0.3872891814	60	0.3810160428	61	0.09350943174	62	-0.2562437562	63	-0.2530802531	64	0.1233766234	65	0.3321678322
11	55	-0.01908617698	56	-0.0997686524	57	-0.2906304222	58	-0.48895841	59	-0.3999815974	60	0.05244755245	61	0.3521478521	62	0.05094905095	63	-0.3226773227	64	-0.05094905095	65	0.3566433566
11	55	0.07859014051	56	0.3012622053	57	0.576565849	58	0.4705665851	59	-0.1177228344	60	-0.3781512605	61	0.1084209908	62	0.3076923077	63	-0.2097902098	64	-0.2097902098	65	0.3496503497
10	55	-0.2383900929	56	-0.6230650155	57	-0.6339009288	58	0.06895581199	59	0.4226006192	60	-0.172459893	61	-0.2606951872	62	0.3181818182	64	-0.3181818182	65	0.3181818182
11	55	0.5475113122	56	0.8585972851	57	0.1667420814	58	-0.4962292609	59	0.1298642534	60	0.2794117647	61	-0.3518099548	62	0.1102564103	63	0.2051282051	64	-0.3615384615	65	0.2692307692
11	55	-0.9599224305	56	-0.6690368455	57	0.4712346477	58	0.07404360346	59	-0.3800904977	60	0.3517071164	61	-0.1137098196	62	-0.1583416583	63	0.3296703297	64	-0.3416583417	65	0.2097902098
9	55	1.269230769	57	-0.4615384615	58	0.465034965	59	-0.256993007	61	0.2097902098	62	-0.3269230769	63	0.3426573427	64	-0.2727272727	65	0.1468531469
11	55	-1.208791209	56	0.6318681319	57	-0.2142857143	58	-0.06993006993	59	0.2447552448	60	-0.3321678322	61	0.3521478521	62	-0.3226773227	63	0.2597402597	64	-0.1773226773	65	0.08741258741
11	55	0.7252747253	56	-0.6318681319	57	0.543956044	58	-0.4615384615	59	0.3846153846	60	-0.3131868132	61	0.2472527473	62	-0.1868131868	63	0.1318681319	64	-0.08241758242	65	0.03846153846




1	1	-0.5
1	1	-1
1	1	-0.5


1	2	-0.625
1	2	-0.625
1	2	0.125


1	2	0.3
1	2	1.5
1	2	0.9


1	3	-0.7
1	3	-0.4666666667
1	3	-0.03333333333


1	3	0.4285714286
1	3	1
1	3	-0.2857142857


1	3	-0.2
1	3	-1.8
1	3	-1.2


1	4	-0.75
1	4	-0.375
1	4	0.008928571429


1	4	0.5185185185
1	4	0.7777777778
1	4	0.09259259259


1	4	-0.3125
1	4	-1.25
1	4	0.4464285714


1	4	0.1428571429
1	4	2
1	4	1.428571429


1	5	-0.7857142857
1	5	-0.3142857143
1	5	-0.002380952381


1	5	0.5844155844
1	5	0.6428571429
1	5	-0.02922077922


1	5	-0.4
1	5	-1
1	5	-0.1666666667


1	5	0.2380952381
1	5	1.428571429
1	5	-0.5952380952


1	5	-0.1071428571
1	5	-2.142857143
1	5	-1.607142857


1	6	-0.8125
1	6	-0.2708333333
1	6	0.0006313131313


1	6	0.6346153846
1	6	0.55
1	6	0.008974358974


1	6	-0.46875
1	6	-0.84375
1	6	0.05965909091


1	6	0.3181818182
1	6	1.166666667
1	6	0.2474747475


1	6	-0.1875
1	6	-1.5625
1	6	0.7291666667


1	6	0.08333333333
1	6	2.25
1	6	1.75


1	7	-0.8333333333
1	7	-0.2380952381
1	7	-0.0001665001665


1	7	0.6740740741
1	7	0.4814814815
1	7	-0.002693602694


1	7	-0.5238095238
1	7	-0.7333333333
1	7	-0.02051282051


1	7	0.3846153846
1	7	1
1	7	-0.0979020979


1	7	-0.2592592593
1	7	-1.296296296
1	7	-0.32996633


1	7	0.1515151515
1	7	1.666666667
1	7	-0.8484848485


1	7	-0.06666666667
1	7	-2.333333333
1	7	-1.866666667


1	8	-0.85
1	8	-0.2125
1	8	4.370629371e-05


1	8	0.7058823529
1	8	0.4285714286
1	8	0.0007933243227


1	8	-0.56875
1	8	-0.65
1	8	0.006818181818


1	8	0.44
1	8	0.88
1	8	0.03692307692


1	8	-0.3214285714
1	8	-1.125
1	8	0.1416083916


1	8	0.2153846154
1	8	1.4
1	8	0.4111888112


1	8	-0.125
1	8	-1.75
1	8	0.9545454545


1	8	0.05454545455
1	8	2.4
1	8	1.963636364


1	9	-0.8636363636
1	9	-0.1919191919
1	9	-1.142648201e-05


1	9	0.7320574163
1	9	0.3863636364
1	9	-0.0002300331248


1	9	-0.6060606061
1	9	-0.5844155844
1	9	-0.002203678674


1	9	0.486631016
1	9	0.7878787879
1	9	-0.01336898396


1	9	-0.375
1	9	-1
1	9	-0.05769230769


1	9	0.2727272727
1	9	1.227272727
1	9	-0.1888111888


1	9	-0.1818181818
1	9	-1.484848485
1	9	-0.4895104895


1	9	0.1048951049
1	9	1.818181818
1	9	-1.048951049


1	9	-0.04545454545
1	9	-2.454545455
1	9	-2.045454545


1	10	-0.875
1	10	-0.175
1	10	2.976899262e-06


1	10	0.753968254
1	10	0.3518518519
1	10	6.583830113e-05


1	10	-0.6375
1	10	-0.53125
1	10	0.0006958502024


1	10	0.5263157895
1	10	0.7142857143
1	10	0.004677984554


1	10	-0.4212962963
1	10	-0.9027777778
1	10	0.02246732026


1	10	0.3235294118
1	10	1.1
1	10	0.08212669683


1	10	-0.234375
1	10	-1.3125
1	10	0.2379807692


1	10	0.1555555556
1	10	1.555555556
1	10	0.5641025641


1	10	-0.08928571429
1	10	-1.875
1	10	1.133241758


1	10	0.03846153846
1	10	2.5
1	10	2.115384615


1	11	-0.8846153846
1	11	-0.1608391608
0


1	11	0.7725752508
1	11	0.3230769231
1	11	-1.863797799e-05


1	11	-0.6643356643
1	11	-0.4871794872
1	11	-0.0002154708037


1	11	0.5604395604
1	11	0.6538461538
1	11	-0.001590514748


1	11	-0.4615384615
1	11	-0.8241758242
1	11	-0.008420372197


1	11	0.3684210526
1	11	1
1	11	-0.03405572755


1	11	-0.2820512821
1	11	-1.184615385
1	11	-0.1095022624


1	11	0.2036199095
1	11	1.384615385
1	11	-0.2879767292


1	11	-0.1346153846
1	11	-1.615384615
1	11	-0.6346153846


1	11	0.07692307692
1	11	1.923076923
1	11	-1.208791209


1	11	-0.03296703297
1	11	-2.538461538
1	11	-2.175824176






1	0	1
2	1	-0.5	2	0.625
2	1	-1.2	2	-0.5
3	3	0.2	4	-0.4666666667	5	0.4666666667
3	3	0.8571428571	4	-0.5	5	-0.5
3	3	1.2	4	0.7	5	0.3
4	6	-0.07142857143	7	0.2410714286	8	-0.4285714286	9	0.375
4	6	-0.4444444444	7	0.7	8	-0.1777777778	9	-0.4666666667
4	6	-1.071428571	7	0.2410714286	8	0.5714285714	9	0.375
4	6	-1.142857143	7	-0.7714285714	8	-0.4571428571	9	-0.2
5	10	0.02380952381	11	-0.1047619048	12	0.2619047619	13	-0.3928571429	14	0.3142857143
4	10	0.1948051948	11	-0.5	12	0.5357142857	14	-0.4285714286
5	10	0.6666666667	11	-0.7333333333	12	-0.1666666667	13	0.4	14	0.4
4	10	1.19047619	12	-0.4761904762	13	-0.5	14	-0.2857142857
5	10	1.071428571	11	0.7857142857	12	0.5357142857	13	0.3214285714	14	0.1428571429
6	15	-0.007575757576	16	0.04103535354	17	-0.1313131313	18	0.2708333333	19	-0.3611111111	20	0.2708333333
6	15	-0.07692307692	16	0.2738095238	17	-0.4952380952	18	0.3928571429	19	0.1047619048	20	-0.3928571429
6	15	-0.3409090909	16	0.6858766234	17	-0.4090909091	18	-0.3348214286	19	0.25	20	0.4017857143
6	15	-0.8484848485	16	0.6565656566	17	0.404040404	18	-0.1666666667	19	-0.4444444444	20	-0.3333333333
6	15	-1.25	16	-0.193452381	17	0.3333333333	18	0.4910714286	19	0.4166666667	20	0.2232142857
6	15	-1	16	-0.7738095238	17	-0.5714285714	18	-0.3928571429	19	-0.2380952381	20	-0.1071428571
7	21	0.002331002331	22	-0.01498501499	23	0.05827505828	24	-0.1515151515	25	0.2727272727	26	-0.3333333333	27	0.2380952381
7	21	0.02828282828	22	-0.1287878788	23	0.3240740741	24	-0.4595959596	25	0.2757575758	26	0.1685185185	27	-0.3611111111
7	21	0.1538461538	22	-0.4532967033	23	0.5961538462	24	-0.1571428571	25	-0.3857142857	26	0.130952381	27	0.3928571429
7	21	0.4895104895	22	-0.7867132867	23	0.1923076923	24	0.474025974	25	0.05844155844	26	-0.3571428571	27	-0.3571428571
7	21	0.9898989899	22	-0.5303030303	23	-0.5303030303	24	-0.06565656566	25	0.3181818182	26	0.4259259259	27	0.2777777778
7	21	1.272727273	22	0.3409090909	23	-0.1893939394	24	-0.4220779221	25	-0.4480519481	26	-0.3452380952	27	-0.1785714286
7	21	0.9333333333	22	0.75	23	0.5833333333	24	0.4333333333	25	0.3	26	0.1833333333	27	0.08333333333
8	28	-0.0006993006993	29	0.005201048951	30	-0.02377622378	31	0.0743006993	32	-0.1664335664	33	0.2704545455	34	-0.3090909091	35	0.2125
8	28	-0.009872480461	29	0.05477855478	30	-0.1758241758	31	0.3496503497	32	-0.4102564103	33	0.1818181818	34	0.2077922078	35	-0.3333333333
8	28	-0.06363636364	29	0.2479166667	30	-0.496969697	31	0.4640151515	32	0.02121212121	33	-0.3791666667	34	0.03939393939	35	0.3791666667
8	28	-0.2461538462	29	0.6102564103	30	-0.5743589744	31	-0.1153846154	32	0.4020512821	33	0.2	34	-0.2666666667	35	-0.3666666667
8	28	-0.6293706294	29	0.8173076923	30	0.02997002997	31	-0.4589160839	32	-0.2902097902	33	0.1339285714	34	0.3896103896	35	0.3125
8	28	-1.096503497	29	0.3883449883	30	0.5743589744	31	0.2447552448	32	-0.1435897436	33	-0.3727272727	34	-0.3878787879	35	-0.2333333333
8	28	-1.272727273	29	-0.4507575758	30	0.06060606061	31	0.3314393939	32	0.4242424242	33	0.3939393939	34	0.2878787879	35	0.1458333333
8	28	-0.8727272727	29	-0.7212121212	30	-0.5818181818	31	-0.4545454545	32	-0.3393939394	33	-0.2363636364	34	-0.1454545455	35	-0.06666666667
9	36	0.0002056766763	37	-0.001736825266	38	0.009118332648	39	-0.03321678322	40	0.08857808858	41	-0.1771561772	42	0.2657342657	43	-0.2878787879	44	0.1919191919
9	36	0.003312476997	37	-0.02167832168	38	0.08444055944	39	-0.213986014	40	0.3566433566	41	-0.3566433566	42	0.106993007	43	0.2318181818	44	-0.3090909091
9	36	0.02468120115	37	-0.1198409434	38	0.321472645	39	-0.4875124875	40	0.3263403263	41	0.1398601399	42	-0.3456543457	43	-0.0303030303	44	0.3636363636
9	36	0.1122994652	37	-0.3793226381	38	0.608912656	39	-0.3303030303	40	-0.2828282828	41	0.2828282828	42	0.2787878788	43	-0.1838383838	44	-0.3676767677
9	36	0.3461538462	37	-0.7307692308	38	0.4711538462	39	0.3269230769	40	-0.2564102564	41	-0.3717948718	42	-0.01923076923	43	0.3333333333	44	0.3333333333
9	36	0.7552447552	37	-0.7972027972	38	-0.2202797203	39	0.3566433566	40	0.4055944056	41	0.09440559441	42	-0.2465034965	43	-0.3863636364	44	-0.2727272727
9	36	1.174825175	37	-0.248018648	38	-0.5645687646	39	-0.3645687646	40	-0.02175602176	41	0.2556332556	42	0.3801864802	43	0.3464646465	44	0.197979798
9	36	1.258741259	37	0.5314685315	38	0.04895104895	39	-0.2377622378	40	-0.372960373	41	-0.3962703963	42	-0.3426573427	43	-0.2424242424	44	-0.1212121212
9	36	0.8181818182	37	0.6909090909	38	0.5727272727	39	0.4636363636	40	0.3636363636	41	0.2727272727	42	0.1909090909	43	0.1181818182	44	0.05454545455
10	45	-5.953798523e-05	46	0.0005626339605	47	-0.003334127173	48	0.01385746606	49	-0.042760181	50	0.1009615385	51	-0.1846153846	52	0.2596153846	53	-0.2692307692	54	0.175
10	45	-0.001077354019	46	0.008124228712	47	-0.03717415482	48	0.1139791581	49	-0.2422871246	50	0.3506216006	51	-0.3036963037	52	0.04745254745	53	0.2460502461	54	-0.2878787879
10	45	-0.009109311741	46	0.05304103791	47	-0.1779536253	48	0.3675917832	49	-0.4437062937	50	0.2006118881	51	0.213986014	52	-0.3009178322	53	-0.08321678322	54	0.3477272727
10	45	-0.04763038819	46	0.2045941674	47	-0.4624477689	48	0.5250925545	49	-0.1142387025	50	-0.3496503497	51	0.1598401598	52	0.3146853147	53	-0.1118881119	54	-0.3636363636
10	45	-0.1715686275	46	0.5076871658	47	-0.651614181	48	0.133355615	49	0.4157754011	50	-0.05155723906	51	-0.3636363636	52	-0.1325757576	53	0.271043771	54	0.3446969697
10	45	-0.4479638009	46	0.8124434389	47	-0.3257918552	48	-0.4513574661	49	0.05701357466	50	0.3782051282	51	0.2461538462	52	-0.1153846154	53	-0.358974359	54	-0.3
10	45	-0.8653846154	46	0.7434440559	47	0.3671328671	48	-0.2179851399	49	-0.4248251748	50	-0.2600524476	51	0.05594405594	52	0.3048513986	53	0.3671328671	54	0.2386363636
10	45	-1.230769231	46	0.1174825175	47	0.5221445221	48	0.434032634	49	0.1566433566	50	-0.1232841233	51	-0.3083139083	52	-0.365967366	53	-0.3074851075	54	-0.1696969697
10	45	-1.236263736	46	-0.590034965	47	-0.1398601399	48	0.1494755245	49	0.3101898102	50	0.3715034965	51	0.3596403596	52	0.2978271728	53	0.2062937063	54	0.1022727273
10	45	-0.7692307692	46	-0.6608391608	47	-0.5594405594	48	-0.465034965	49	-0.3776223776	50	-0.2972027972	51	-0.2237762238	52	-0.1573426573	53	-0.0979020979	54	-0.04545454545
10	56	-0.0001778407351	57	0.001173748852	58	-0.005477494642	59	0.01917123125	60	-0.0520361991	61	0.1115061409	62	-0.1895604396	63	0.2527472527	64	-0.2527472527	65	0.1608391608
10	55	0.0003416962631	56	-0.002917361276	57	0.0153250774	58	-0.05501309836	59	0.1412002858	60	-0.2613122172	61	0.3359728507	62	-0.2538461538	64	0.2538461538	65	-0.2692307692
11	55	0.003232062056	56	-0.02196333079	57	0.08839689722	58	-0.2296722885	59	0.3872891814	60	-0.3810160428	61	0.09350943174	62	0.2562437562	63	-0.2530802531	64	-0.1233766234	65	0.3321678322
11	55	0.01908617698	56	-0.0997686524	57	0.2906304222	58	-0.48895841	59	0.3999815974	60	0.05244755245	61	-0.3521478521	62	0.05094905095	63	0.3226773227	64	-0.05094905095	65	-0.3566433566
11	55	0.07859014051	56	-0.3012622053	57	0.576565849	58	-0.4705665851	59	-0.1177228344	60	0.3781512605	61	0.1084209908	62	-0.3076923077	63	-0.2097902098	64	0.2097902098	65	0.3496503497
10	55	0.2383900929	56	-0.6230650155	57	0.6339009288	58	0.06895581199	59	-0.4226006192	60	-0.172459893	61	0.2606951872	62	0.3181818182	64	-0.3181818182	65	-0.3181818182
11	55	0.5475113122	56	-0.8585972851	57	0.1667420814	58	0.4962292609	59	0.1298642534	60	-0.2794117647	61	-0.3518099548	62	-0.1102564103	63	0.2051282051	64	0.3615384615	65	0.2692307692
11	55	0.9599224305	56	-0.6690368455	57	-0.4712346477	58	0.07404360346	59	0.3800904977	60	0.3517071164	61	0.1137098196	62	-0.1583416583	63	-0.3296703297	64	-0.3416583417	65	-0.2097902098
9	55	1.269230769	57	-0.4615384615	58	-0.465034965	59	-0.256993007	61	0.2097902098	62	0.3269230769	63	0.3426573427	64	0.2727272727	65	0.1468531469
11	55	1.208791209	56	0.6318681319	57	0.2142857143	58	-0.06993006993	59	-0.2447552448	60	-0.3321678322	61	-0.3521478521	62	-0.3226773227	63	-0.2597402597	64	-0.1773226773	65	-0.08741258741
11	55	0.7252747253	56	0.6318681319	57	0.543956044	58	0.4615384615	59	0.3846153846	60	0.3131868132	61	0.2472527473	62	0.1868131868	63	0.1318681319	64	0.08241758242	65	0.03846153846




1	1	-0.5
1	1	-1
1	1	-0.5


1	2	0.625
1	2	0.625
1	2	-0.125


1	2	0.3
1	2	1.5
1	2	0.9


1	3	-0.7
1	3	-0.4666666667
1	3	-0.03333333333


1	3	-0.4285714286
1	3	-1
1	3	0.2857142857


1	3	-0.2
1	3	-1.8
1	3	-1.2


1	4	0.75
1	4	0.375
1	4	-0.008928571429


1	4	0.5185185185
1	4	0.7777777778
1	4	0.09259259259


1	4	0.3125
1	4	1.25
1	4	-0.4464285714


1	4	0.1428571429
1	4	2
1	4	1.428571429


1	5	-0.7857142857
1	5	-0.3142857143
1	5	-0.002380952381


1	5	-0.5844155844
1	5	-0.6428571429
1	5	0.02922077922


1	5	-0.4
1	5	-1
1	5	-0.1666666667


1	5	-0.2380952381
1	5	-1.428571429
1	5	0.5952380952


1	5	-0.1071428571
1	5	-2.142857143
1	5	-1.607142857


1	6	0.8125
1	6	0.2708333333
1	6	-0.0006313131313


1	6	0.6346153846
1	6	0.55
1	6	0.008974358974


1	6	0.46875
1	6	0.84375
1	6	-0.05965909091


1	6	0.3181818182
1	6	1.166666667
1	6	0.2474747475


1	6	0.1875
1	6	1.5625
1	6	-0.7291666667


1	6	0.08333333333
1	6	2.25
1	6	1.75


1	7	-0.8333333333
1	7	-0.2380952381
1	7	-0.0001665001665


1	7	-0.6740740741
1	7	-0.4814814815
1	7	0.002693602694


1	7	-0.5238095238
1	7	-0.7333333333
1	7	-0.02051282051


1	7	-0.3846153846
1	7	-1
1	7	0.0979020979


1	7	-0.2592592593
1	7	-1.296296296
1	7	-0.32996633


1	7	-0.1515151515
1	7	-1.666666667
1	7	0.8484848485


1	7	-0.06666666667
1	7	-2.333333333
1	7	-1.866666667


1	8	0.85
1	8	0.2125
1	8	-4.370629371e-05


1	8	0.7058823529
1	8	0.4285714286
1	8	0.0007933243227


1	8	0.56875
1	8	0.65
1	8	-0.006818181818


1	8	0.44
1	8	0.88
1	8	0.03692307692


1	8	0.3214285714
1	8	1.125
1	8	-0.1416083916


1	8	0.2153846154
1	8	1.4
1	8	0.4111888112


1	8	0.125
1	8	1.75
1	8	-0.9545454545


1	8	0.05454545455
1	8	2.4
1	8	1.963636364


1	9	-0.8636363636
1	9	-0.1919191919
1	9	-1.142648201e-05


1	9	-0.7320574163
1	9	-0.3863636364
1	9	0.0002300331248


1	9	-0.6060606061
1	9	-0.5844155844
1	9	-0.002203678674


1	9	-0.486631016
1	9	-0.7878787879
1	9	0.01336898396


1	9	-0.375
1	9	-1
1	9	-0.05769230769


1	9	-0.2727272727
1	9	-1.227272727
1	9	0.1888111888


1	9	-0.1818181818
1	9	-1.484848485
1	9	-0.4895104895


1	9	-0.1048951049
1	9	-1.818181818
1	9	1.048951049


1	9	-0.04545454545
1	9	-2.454545455
1	9	-2.045454545


1	10	0.875
1	10	0.175
1	10	-2.976899262e-06


1	10	0.753968254
1	10	0.3518518519
1	10	6.583830113e-05


1	10	0.6375
1	10	0.53125
1	10	-0.0006958502024


1	10	0.5263157895
1	10	0.7142857143
1	10	0.004677984554


1	10	0.4212962963
1	10	0.9027777778
1	10	-0.02246732026


1	10	0.3235294118
1	10	1.1
1	10	0.08212669683


1	10	0.234375
1	10	1.3125
1	10	-0.2379807692


1	10	0.1555555556
1	10	1.555555556
1	10	0.5641025641


1	10	0.08928571429
1	10	1.875
1	10	-1.133241758


1	10	0.03846153846
1	10	2.5
1	10	2.115384615


1	11	-0.8846153846
1	11	-0.1608391608
0


1	11	-0.7725752508
1	11	-0.3230769231
1	11	1.863797799e-05


1	11	-0.6643356643
1	11	-0.4871794872
1	11	-0.0002154708037


1	11	-0.5604395604
1	11	-0.6538461538
1	11	0.001590514748


1	11	-0.4615384615
1	11	-0.8241758242
1	11	-0.008420372197


1	11	-0.3684210526
1	11	-1
1	11	0.03405572755


1	11	-0.2820512821
1	11	-1.184615385
1	11	-0.1095022624


1	11	-0.2036199095
1	11	-1.384615385
1	11	0.2879767292


1	11	-0.1346153846
1	11	-1.615384615
1	11	-0.6346153846


1	11	-0.07692307692
1	11	-1.923076923
1	11	1.208791209


1	11	-0.03296703297
1	11	-2.538461538
1	11	-2.175824176






1	0	1
2	1	0.5	2	-0.625
2	1	-1.2	2	-0.5
3	3	0.2	4	-0.4666666667	5	0.4666666667
3	3	-0.8571428571	4	0.5	5	0.5
3	3	1.2	4	0.7	5	0.3
4	6	0.07142857143	7	-0.2410714286	8	0.4285714286	9	-0.375
4	6	-0.4444444444	7	0.7	8	-0.1777777778	9	-0.4666666667
4	6	1.071428571	7	-0.2410714286	8	-0.5714285714	9	-0.375
4	6	-1.142857143	7	-0.7714285714	8	-0.4571428571	9	-0.2
5	10	0.02380952381	11	-0.1047619048	12	0.2619047619	13	-0.3928571429	14	0.3142857143
4	10	-0.1948051948	11	0.5	12	-0.5357142857	14	0.4285714286
5	10	0.6666666667	11	-0.7333333333	12	-0.1666666667	13	0.4	14	0.4
4	10	-1.19047619	12	0.4761904762	13	0.5	14	0.2857142857
5	10	1.071428571	11	0.7857142857	12	0.5357142857	13	0.3214285714	14	0.1428571429
6	15	0.007575757576	16	-0.04103535354	17	0.1313131313	18	-0.2708333333	19	0.3611111111	20	-0.2708333333
6	15	-0.07692307692	16	0.2738095238	17	-0.4952380952	18	0.3928571429	19	0.1047619048	20	-0.3928571429
6	15	0.3409090909	16	-0.6858766234	17	0.4090909091	18	0.3348214286	19	-0.25	20	-0.4017857143
6	15	-0.8484848485	16	0.6565656566	17	0.404040404	18	-0.1666666667	19	-0.4444444444	20	-0.3333333333
6	15	1.25	16	0.193452381	17	-0.3333333333	18	-0.4910714286	19	-0.4166666667	20	-0.2232142857
6	15	-1	16	-0.7738095238	17	-0.5714285714	18	-0.3928571429	19	-0.2380952381	20	-0.1071428571
7	21	0.002331002331	22	-0.01498501499	23	0.05827505828	24	-0.1515151515	25	0.2727272727	26	-0.3333333333	27	0.2380952381
7	21	-0.02828282828	22	0.1287878788	23	-0.3240740741	24	0.4595959596	25	-0.2757575758	26	-0.1685185185	27	0.3611111111
7	21	0.1538461538	22	-0.4532967033	23	0.5961538462	24	-0.1571428571	25	-0.3857142857	26	0.130952381	27	0.3928571429
7	21	-0.4895104895	22	0.7867132867	23	-0.1923076923	24	-0.474025974	25	-0.05844155844	26	0.3571428571	27	0.3571428571
7	21	0.9898989899	22	-0.5303030303	23	-0.5303030303	24	-0.06565656566	25	0.3181818182	26	0.4259259259	27	0.2777777778
7	21	-1.272727273	22	-0.3409090909	23	0.1893939394	24	0.4220779221	25	0.4480519481	26	0.3452380952	27	0.1785714286
7	21	0.9333333333	22	0.75	23	0.5833333333	24	0.4333333333	25	0.3	26	0.1833333333	27	0.08333333333
8	28	0.0006993006993	29	-0.005201048951	30	0.02377622378	31	-0.0743006993	32	0.1664335664	33	-0.2704545455	34	0.3090909091	35	-0.2125
8	28	-0.009872480461	29	0.05477855478	30	-0.1758241758	31	0.3496503497	32	-0.4102564103	33	0.1818181818	34	0.2077922078	35	-0.3333333333
8	28	0.06363636364	29	-0.2479166667	30	0.496969697	31	-0.4640151515	32	-0.02121212121	33	0.3791666667	34	-0.03939393939	35	-0.3791666667
8	28	-0.2461538462	29	0.6102564103	30	-0.5743589744	31	-0.1153846154	32	0.4020512821	33	0.2	34	-0.2666666667	35	-0.3666666667
8	28	0.6293706294	29	-0.8173076923	30	-0.02997002997	31	0.4589160839	32	0.2902097902	33	-0.1339285714	34	-0.3896103896	35	-0.3125
8	28	-1.096503497	29	0.3883449883	30	0.5743589744	31	0.2447552448	32	-0.1435897436	33	-0.3727272727	34	-0.3878787879	35	-0.2333333333
8	28	1.272727273	29	0.4507575758	30	-0.06060606061	31	-0.3314393939	32	-0.4242424242	33	-0.3939393939	34	-0.2878787879	35	-0.1458333333
8	28	-0.8727272727	29	-0.7212121212	30	-0.5818181818	31	-0.4545454545	32	-0.3393939394	33	-0.2363636364	34	-0.1454545455	35	-0.06666666667
9	36	0.0002056766763	37	-0.001736825266	38	0.009118332648	39	-0.03321678322	40	0.08857808858	41	-0.1771561772	42	0.2657342657	43	-0.2878787879	44	0.1919191919
9	36	-0.003312476997	37	0.02167832168	38	-0.08444055944	39	0.213986014	40	-0.3566433566	41	0.3566433566	42	-0.106993007	43	-0.2318181818	44	0.3090909091
9	36	0.02468120115	37	-0.1198409434	38	0.321472645	39	-0.4875124875	40	0.3263403263	41	0.1398601399	42	-0.3456543457	43	-0.0303030303	44	0.3636363636
9	36	-0.1122994652	37	0.3793226381	38	-0.608912656	39	0.3303030303	40	0.2828282828	41	-0.2828282828	42	-0.2787878788	43	0.1838383838	44	0.3676767677
9	36	0.3461538462	37	-0.7307692308	38	0.4711538462	39	0.3269230769	40	-0.2564102564	41	-0.3717948718	42	-0.01923076923	43	0.3333333333	44	0.3333333333
9	36	-0.7552447552	37	0.7972027972	38	0.2202797203	39	-0.3566433566	40	-0.4055944056	41	-0.09440559441	42	0.2465034965	43	0.3863636364	44	0.2727272727
9	36	1.174825175	37	-0.248018648	38	-0.5645687646	39	-0.3645687646	40	-0.02175602176	41	0.2556332556	42	0.3801864802	43	0.3464646465	44	0.197979798
9	36	-1.258741259	37	-0.5314685315	38	-0.04895104895	39	0.2377622378	40	0.372960373	41	0.3962703963	42	0.3426573427	43	0.2424242424	44	0.1212121212
9	36	0.8181818182	37	0.6909090909	38	0.5727272727	39	0.4636363636	40	0.3636363636	41	0.2727272727	42	0.1909090909	43	0.1181818182	44	0.05454545455
10	45	5.953798523e-05	46	-0.0005626339605	47	0.003334127173	48	-0.01385746606	49	0.042760181	50	-0.1009615385	51	0.1846153846	52	-0.2596153846	53	0.2692307692	54	-0.175
10	45	-0.001077354019	46	0.008124228712	47	-0.03717415482	48	0.1139791581	49	-0.2422871246	50	0.3506216006	51	-0.3036963037	52	0.04745254745	53	0.2460502461	54	-0.2878787879
10	45	0.009109311741	46	-0.05304103791	47	0.1779536253	48	-0.3675917832	49	0.4437062937	50	-0.2006118881	51	-0.213986014	52	0.3009178322	53	0.08321678322	54	-0.3477272727
10	45	-0.04763038819	46	0.2045941674	47	-0.4624477689	48	0.5250925545	49	-0.1142387025	50	-0.3496503497	51	0.1598401598	52	0.3146853147	53	-0.1118881119	54	-0.3636363636
10	45	0.1715686275	46	-0.5076871658	47	0.651614181	48	-0.133355615	49	-0.4157754011	50	0.05155723906	51	0.3636363636	52	0.1325757576	53	-0.271043771	54	-0.3446969697
10	45	-0.4479638009	46	0.8124434389	47	-0.3257918552	48	-0.4513574661	49	0.05701357466	50	0.3782051282	51	0.2461538462	52	-0.1153846154	53	-0.358974359	54	-0.3
10	45	0.8653846154	46	-0.7434440559	47	-0.3671328671	48	0.2179851399	49	0.4248251748	50	0.2600524476	51	-0.05594405594	52	-0.3048513986	53	-0.3671328671	54	-0.2386363636
10	45	-1.230769231	46	0.1174825175	47	0.5221445221	48	0.434032634	49	0.1566433566	50	-0.1232841233	51	-0.3083139083	52	-0.365967366	53	-0.3074851075	54	-0.1696969697
10	45	1.236263736	46	0.590034965	47	0.1398601399	48	-0.1494755245	49	-0.3101898102	50	-0.3715034965	51	-0.3596403596	52	-0.2978271728	53	-0.2062937063	54	-0.1022727273
10	45	-0.7692307692	46	-0.6608391608	47	-0.5594405594	48	-0.465034965	49	-0.3776223776	50	-0.2972027972	51	-0.2237762238	52	-0.1573426573	53	-0.0979020979	54	-0.04545454545
10	56	-0.0001778407351	57	0.001173748852	58	-0.005477494642	59	0.01917123125	60	-0.0520361991	61	0.1115061409	62	-0.1895604396	63	0.2527472527	64	-0.2527472527	65	0.1608391608
10	55	-0.0003416962631	56	0.002917361276	57	-0.0153250774	58	0.05501309836	59	-0.1412002858	60	0.2613122172	61	-0.3359728507	62	0.2538461538	64	-0.2538461538	65	0.2692307692
11	55	0.003232062056	56	-0.02196333079	57	0.08839689722	58	-0.2296722885	59	0.3872891814	60	-0.3810160428	61	0.09350943174	62	0.2562437562	63	-0.2530802531	64	-0.1233766234	65	0.3321678322
11	55	-0.01908617698	56	0.0997686524	57	-0.2906304222	58	0.48895841	59	-0.3999815974	60	-0.05244755245	61	0.3521478521	62	-0.05094905095	63	-0.3226773227	64	0.05094905095	65	0.3566433566
11	55	0.07859014051	56	-0.3012622053	57	0.576565849	58	-0.4705665851	59	-0.1177228344	60	0.3781512605	61	0.1084209908	62	-0.3076923077	63	-0.2097902098	64	0.2097902098	65	0.3496503497
10	55	-0.2383900929	56	0.6230650155	57	-0.6339009288	58	-0.06895581199	59	0.4226006192	60	0.172459893	61	-0.2606951872	62	-0.3181818182	64	0.3181818182	65	0.3181818182
11	55	0.5475113122	56	-0.8585972851	57	0.1667420814	58	0.4962292609	59	0.1298642534	60	-0.2794117647	61	-0.3518099548	62	-0.1102564103	63	0.2051282051	64	0.3615384615	65	0.2692307692
11	55	-0.9599224305	56	0.6690368455	57	0.4712346477	58	-0.07404360346	59	-0.3800904977	60	-0.3517071164	61	-0.1137098196	62	0.1583416583	63	0.3296703297	64	0.3416583417	65	0.2097902098
9	55	1.269230769	57	-0.4615384615	58	-0.465034965	59	-0.256993007	61	0.2097902098	62	0.3269230769	63	0.3426573427	64	0.2727272727	65	0.1468531469
11	55	-1.208791209	56	-0.6318681319	57	-0.2142857143	58	0.06993006993	59	0.2447552448	60	0.3321678322	61	0.3521478521	62	0.3226773227	63	0.2597402597	64	0.1773226773	65	0.08741258741
11	55	0.7252747253	56	0.6318681319	57	0.543956044	58	0.4615384615	59	0.3846153846	60	0.3131868132	61	0.2472527473	62	0.1868131868	63	0.1318681319	64	0.08241758242	65	0.03846153846




