0.026562215720607990077	0.0052186595211289477786	0.008095298815060558012	5.3563626781278864824e-05
0.0080039976774284350702	0.02397433403194093246	0.0010648607763288271168	2.7732723034246933771e-05
0.0040494258703363209678	0.0036012793306718204195	0.0089946826385387881886	1.6264382847713043992e-05
0.067719267720461190363	0.0011427606971788212276	0.020873068734917794853	7.3547672137400349045e-05
0.06417053123294631789	0.010753785683389369479	0.0010457796964795716514	5.3400443050531751655e-05
0.034085270502645904911	0.046620941990876345329	0.0037384263276056522302	0.00012384731937911683058
0.037525922891845225893	0.0060520643180885028145	0.049137511805036664103	0.00017525566156461342272
0.026042630904540620129	0.022659748029421819537	0.020270326009745862073	0.00018113481557089961037
0.0059038566817564142042	0.073643077522847127936	0.0067982231816827972185	9.7404038998396476356e-05
0.0025607017550120861338	0.030025095476643049591	0.021989527372971339608	7.2603650939149556344e-05
0.0078784431764211404481	0.0058568583463730408689	0.042265477733927532544	8.0577033587155678191e-05
0.12786410921963098364	0.0066316062137461266601	0.0062933432218537834618	0.00012674905393876757147
0.14912235943456872422	0.032939768689062773332	0.0077214043942582131705	0.00036318680249450112363
0.075074586835904177917	0.024479031410752302017	0.018345046567805067123	0.00035873667294600611842
0.12134285949769889335	0.005633023010610853365	0.037691847993037118358	0.0002375969028796937727
0.085563634029639026868	0.055559642334651236639	0.002669934350979252715	0.00018474149608930839819
0.077097588575303091507	0.020025409987881645502	0.059287271489593118545	0.00047667894059260485342
0.055164536115810777761	0.065702703173158932826	0.028235028959510702351	0.00052683857864848347187
0.083141475708759127183	0.0026436075365606354071	0.08656681570994619046	0.00020296366527329073566
0.03342639931903260142	0.10493889246669470261	0.0079250883050192427737	0.00030890950309163530633
0.031794527290958010668	0.006439863102585929866	0.10805879919747980733	0.00026081141980988271911
0.018253562172994966528	0.059740308894393787109	0.02837451261682454387	0.00024055985722428929936
0.032614804637261018971	0.034277102211857937708	0.064261364389258071594	0.00046163105565757262504
0.0065492434180139391664	0.02856466167379756449	0.072595719985210416247	0.00019560200081868053378
0.0074635535755322168772	0.14618172100010909387	0.0016248619221960007835	7.0265617385782545064e-05
0.0054941868681556427223	0.11701240903246848402	0.026494553283112089875	0.0002003580174981497747
0.0051672867502996211453	0.070812336769098566114	0.054952758290645310757	0.00021115100936033577399
0.0059047668172606676551	0.0054657449970818283713	0.099586922650521381151	8.7841154224523737559e-05
0.13770599511846232099	0.034743422910384388902	0.040612532366322701138	0.00072328862348341636194
0.21368209456305634064	0.0038297108972260504589	0.007133855627789778206	0.00010933775526448055466
0.23513998880047776163	0.021985918881330487884	0.0032216162206572772353	0.00016311072101994034231
0.10735729287634809825	0.07482579331996998262	0.025423623604241402801	0.00069943277242246978433
0.18716396467510337809	0.0080941601745310037819	0.032168384878806584315	0.0003215126461859159541
0.14973720153168701419	0.035857824542163296844	0.082699081784100958448	0.00079652800280162775956
0.15489871477518568632	0.08773535540274289557	0.0061050287702859524011	0.0004573417241727612513
0.15277520168879923923	0.0069975814333088082186	0.089913439403723871557	0.00053680096837175781885
0.078111928604355035377	0.06163072864905627668	0.074529735268785285429	0.0010983089238547369491
0.079628039935225686241	0.11901501960500926458	0.0062805269458649287326	0.0004000226158225541782
0.068443553303379950359	0.1361087255627155268	0.036723649318010205544	0.00093485714086542174173
0.071580268788885986764	0.0050221973008297282615	0.16135497003599799659	0.00034891535607806746554
0.029004818108395363785	0.07275284738458571987	0.099494461488667432225	0.00066415789267432439723
0.089151877751432601071	0.023555805712741087476	0.11953161805596985989	0.00082147904931769376823
0.034540657677727487629	0.19021541036917882783	0.005022739165166691111	0.00027879830393034516151
0.025284211756773505853	0.15775979601487807868	0.027433894735799605608	0.00048182071697118174312
0.027082931828504963612	0.0061868526631639608748	0.19305559691067608608	0.00027839503470745611364
0.031491424281460622669	0.10416233276893221982	0.055421052913925954175	0.00068266983110389014167
0.0051009646140675879433	0.081668156032506766806	0.11139450816672927247	0.0003228381980220709508
0.037546932337653993184	0.030407046969570972195	0.13244174132577829495	0.00064653311643793169583
0.0076129095714569938735	0.25237898838532024648	0.0061985964642098509078	0.00018235535307442607162
0.0039743854183468818597	0.18400367817401397375	0.016721079107106930767	0.00013143527898110029715
0.0064123262504607869694	0.14420860235531174354	0.07377332257033214491	0.00046131357950980557327
0.0070517230664149110897	0.034126462324548328953	0.13902833623187832446	0.00032453875946443299467
0.0054642603812297130261	0.0069354814967947653326	0.17403230963015858812	0.00012290199651261084039
0.29491303124397122426	0.0060508527834204177409	0.02484639500925613434	0.00031310536827167394398
0.23205705496183931524	0.063568362478561860063	0.0051324373866150308984	0.00037221507859528171758
0.23117731541442562704	0.030955338802713928958	0.024947085801022172991	0.00062101281640526294261
0.234962548473742594	0.0036302134125558022104	0.062629230935912522105	0.00028615724933218076101
0.19628141528274384298	0.071424498728018648297	0.031742533553102199317	0.00098424664796106006021
0.23143894964021716198	0.027399778403728716758	0.071230481005364984504	0.0010965597708360373501
0.13765763300148348147	0.1434177076335172718	0.024380024118430963093	0.0010812219305720432994
0.17303696863482151413	0.074691656454057384074	0.073062079973977830938	0.00079711905220605761523
0.17185901673173048509	0.023270501878841193255	0.14264484889347536778	0.0010039486326410120096
0.12928641136176918791	0.0628491879001811804	0.12703601163090325055	0.0014878060630629282978
0.13643675134995433829	0.0041441067632816408484	0.16882470209960484531	0.00046915785474561743197
0.07911675161353357022	0.19711194437140758251	0.0083526555630820033954	0.00054892364352019708002
0.1395559845212099026	0.15736986258130808425	0.0021998801558582793854	0.00026131785277608537543
0.13007194057648949204	0.101711200733551832	0.059561429377100988392	0.0011954533680153048292
0.094785470993312359589	0.029328067188662709786	0.19854734899054710118	0.0012373000508866217276
0.078020598832016341273	0.19990152774974945249	0.039116466384079492946	0.00090836350607805460208
0.06594243171509339696	0.071341798845140969032	0.15026648443711981828	0.0014283524736183180956
0.062890406277612387331	0.0068129496791255739208	0.24839981243721384607	0.0004664532836066057845
0.038946543945902800665	0.29367336643689417874	0.0046848115241570871883	0.00035040576870723326051
0.07599115431180597513	0.21956097082541817245	0.08411120671993257969	0.0015193907877737943511
0.077770462582164051613	0.12478806500710772076	0.090280449154578570892	0.0015375341123654204765
0.037708097606169999061	0.03386495274944276157	0.21424327527135431093	0.00087710523531204240624
0.033025808552520574679	0.19265057064530005659	0.073321911264387529261	0.0011142846655730501235
0.0071456161795185879626	0.034972260444529085222	0.22596869168162661556	0.00040923865224861202816
0.021333251818630272201	0.0074655773389368795812	0.29019527366740693886	0.00031706531211856862169
0.032055735631873638614	0.24069470650794350108	0.027758444954874613581	0.00071135338987757278963
0.032929097050851841022	0.13487214831160279638	0.11759866086099110549	0.0010899544403790261803
0.02128935190327363447	0.080362787923117462441	0.17407166458232836703	0.00080930745563576175425
0.0063529443767149085254	0.3071267021090050009	0.030054830965397516529	0.0003331888060396530956
0.0057907491125308019342	0.22104959101707633007	0.046866984848651101203	0.00036142804689954008803
0.0066215080474888998729	0.23248114802527763967	0.10430490292237891425	0.00063769184452554640921
0.0062870466072671438162	0.15066657896813481776	0.14648974114831600501	0.00060988233392323602626
0.0025766857497169226576	0.085264745900733851514	0.19352413664432205342	0.0002656714080867204333
0.0035370115522165845867	0.0062182217613695467406	0.26798261586008392809	9.9875687608584005342e-05
0.32720335458263499762	0.0054554303508769462494	0.0039668678641646398092	0.00010546126551809061295
0.33086117010676152628	0.031923165034213912827	0.0072635852480744823173	0.00041081992339602342026
0.40117817965025520666	0.005472907829422349324	0.031206035359832913489	0.00035107113665275118102
0.28460769109705630342	0.076300717776161069983	0.039091340640795411987	0.0013744348679503592698
0.32463818505059161001	0.031765470825493760665	0.0354978517696308421	0.0008077843854551189709
0.32601046610663203529	0.0077684969210515958382	0.072310397846247084774	0.00065493510868923040299
0.31156110291841465632	0.081843426537986652125	0.0077720738458484928124	0.00066226748163390205225
0.31941817141748796161	0.042460764890362504009	0.08294306680065539894	0.0011387507155155042731
0.23185012439034943799	0.13895740728724856328	0.00178623708741671469	0.00031268323095770035342
0.22094123969302670307	0.1297149228773981644	0.018581565802017096373	0.0010541888024158732867
0.23109056243419420773	0.072499658478353448676	0.091303649197806549531	0.0017422675405984839811
0.2617748065361037435	0.023350925391952631616	0.13269911198780176553	0.0011941112984972935933
0.23416983526756920964	0.0036547155385193152988	0.12930422440684660734	0.00047715597223711117992
0.20539064032970422158	0.13664195199348760923	0.061335380770666678152	0.0019373419930027971532
0.20231696719085565106	0.058744400400753876701	0.15858079760074678122	0.0018168049289244963401
0.20674789499783194358	0.0060924972201077953748	0.22087713223664592888	0.00078441422143073007665
0.16073807418425115068	0.21785857435098948676	0.0074828927464000395339	0.00066296028455580966951
0.1423275838595166598	0.12114085061098370244	0.12734313650167436438	0.0024028409005679707278
0.16271694817617679552	0.027406914195032605619	0.21511375914726779679	0.0011010072422226108765
0.095506090529437481784	0.27397453378201136465	0.0054312237347734024923	0.00050167186645483808228
0.14344404090239981642	0.21969467312123108771	0.032380140797623371829	0.0012504283302738204882
0.13260103401865896977	0.17832327252066026979	0.072555320699259850947	0.0018112603395533735662
0.12184446540757232214	0.074622756163543357832	0.21111824682376406637	0.002090290314134921057
0.11873248351456494598	0.0057280396529727495292	0.26715987374583360925	0.00063613271162165036052
0.077964945071145985711	0.28128170239524008522	0.031219518354464393523	0.0011856651982634501714
0.12104748174119062121	0.034578660779081837884	0.29676786852273728812	0.0014645322692933672795
0.050375849544612993913	0.0030726234825913523174	0.35096013934237257903	0.00027734238706134995995
0.079855666944686987119	0.18150256897606234507	0.13856576202708695278	0.0016787355019206801413
0.074339117256863818106	0.1229441306547353896	0.17755872951646181623	0.0017126230766177333482
0.063814113911683567615	0.065651197642766501161	0.25803854736555204008	0.0014749894252896866148
0.064384951774332122021	0.026237035698762123381	0.3113804219098132986	0.00098146224556719288516
0.030236679348153661095	0.29571106005059216715	0.065408935995038261502	0.001140260071418436414
0.031087889695517512134	0.16547735120552906074	0.18290269785748045073	0.0013900535713598691744
0.022330461711146165626	0.040114382517891455926	0.31119317797177131757	0.00078186615224070624575
0.033528476573520704651	0.35100769281383126241	0.022375768794257226701	0.00072430949842817548938
0.033211426010298472633	0.24122101261319711663	0.13257498645643145396	0.0016163281330839255993
0.030697009731977975555	0.097521416275527572637	0.23567259969432352573	0.0011377140813360509149
0.023581738283821596092	0.017300539752887145184	0.37768193400311594887	0.00034179873232175448945
0.0067700629154511249297	0.35920735053985874963	0.0059379867385161138466	0.00017684499155632069632
0.0053597153740032599245	0.32376336332061533829	0.073440248716172717991	0.00043987732666966129552
0.0053773020491983403168	0.23407424049025538082	0.18310495816440769401	0.00067150144672219018449
0.0060344001869159225038	0.14990798340804045718	0.2408884897511754386	0.00071903932914813787486
0.0066815325629167032773	0.079980633822391122845	0.28582075878253926371	0.00057550871063037330536
0.0015559156794794359868	0.028860396606535776431	0.3352557652450376402	0.00018247388972175116145
0.0066095503421376711195	0.0041653824598834043869	0.39016888525454829217	0.00014576956732014026722
0.43361169825843109971	0.0078305359169720568924	0.0062495697641606383702	0.00020519073462481530372
0.42955542785338585166	0.031144294429509073591	0.02518556810624760986	0.0006781332652980987365
0.4264675884367675196	0.042195706168775271028	0.0037040402293229482411	0.00030148356504034498453
0.44667369316501831511	0.0066593676076795726981	0.073005990487603464323	0.00062916168964821867545
0.39766833999522566145	0.076547194659999956423	0.027269398301965491055	0.0012574793465357136848
0.4027331843494217356	0.032990332087200299749	0.065633342617985632184	0.00095435318783818013852
0.40260987365915490432	0.097938166449332925145	0.0041805813657260701421	0.00043063307274368182792
0.31445660331215241623	0.13943691507838629207	0.032867602145758928467	0.0015793299955688940104
0.34190325680704064526	0.089158715053689302499	0.076524208957575473589	0.0016963949607487079606
0.36470277899836489599	0.026772262952083542009	0.12994046056384639387	0.0013270903729114013649
0.35346014453214030793	0.0040027894316272683017	0.12535621162591850664	0.00045853169734761268367
0.32246087365324449525	0.15734387046188183512	0.0064617123568639616565	0.00077411095313239944912
0.27821429384215079494	0.13376518939495812832	0.079714430444803877074	0.00167179678704461104
0.30037418239892510474	0.070514093640739350377	0.14122234703192929062	0.0022872834281822546076
0.3008952843595660287	0.0062052883657260915484	0.19007659700756396326	0.00067133381419060185209
0.23741819460453988944	0.22779086617838179007	0.0064671659756289088042	0.00077803165867791428643
0.23325543587832836545	0.1919164225874187002	0.028627281956806568952	0.0010424007693208708642
0.26717046213025608115	0.032614159456142405302	0.20754252412492057989	0.0017915524840619468511
0.23083071703206514691	0.30933372768759026528	0.014860328338640397747	0.0010258260398561991518
0.18899029998562577592	0.20192090371356175016	0.10262585270517717018	0.0023987605569505583702
0.22150364078747303287	0.12513366006242407358	0.13653781549832952336	0.0026531526432351810324
0.19533497961881962635	0.086532056482890029603	0.21891382107974316495	0.0023967429840274275671
0.16138353937037935859	0.31671597831763398379	0.0032175832461911815785	0.00049401885245652142706
0.21315347298260378661	0.23553448093218573578	0.045355396978447287681	0.0016065450447055665273
0.13039722278048854198	0.21674709191311838929	0.14115267909261755563	0.0024360721041519067809
0.13957666995860634751	0.14911969034407129842	0.2015481688410070138	0.0029355905064799973393
0.1980024000724291966	0.036511239763221292609	0.27494455873949558145	0.0017147518788707019448
0.17133395637782072862	0.0066500403427547372104	0.33007971971987853932	0.0008363876933658730313
0.14456657713018500333	0.31362144630471716633	0.025211946992592049188	0.0014784067812069721926
0.1363974502922637444	0.27909096424993362628	0.072333255056342221634	0.0023426910608248712256
0.13208322050511739354	0.085876120561385382857	0.3006169096673539376	0.0023498217353477915403
0.12961168850136789432	0.034614873289852854388	0.38986315424044115652	0.0016911601457533236188
0.096436417313352840175	0.0070188345041881650133	0.3810734685715589376	0.00071315383402409501974
0.032703898680024379164	0.41101131622253733733	0.0015137851880377098824	0.00018094717284030742898
0.082106182863085908075	0.37602927731822732849	0.0071521348798500774396	0.00069965374108032422733
0.073968286392868454193	0.31074076882058782045	0.075395819138271702453	0.0015483090495659274175
0.079633693583786913095	0.28270347691978342519	0.13704621214359524739	0.0019861069161908875488
0.068954744149201385728	0.21702449568424303505	0.20967538692122172916	0.0025607144888879118834
0.077920944444796191863	0.13270681094208297557	0.25990266611093815197	0.0022365813530492903959
0.075785443118860873479	0.075788335605753931468	0.35070668612692496025	0.0017959583947069694253
0.058742185064126040128	0.033061350344256945633	0.40839696642357153911	0.001154027286088995987
0.032891283896535228326	0.4518249325033925623	0.019990420264144676682	0.00065858412514337399783
0.079109695675470603771	0.38637901225118759241	0.03747243128639019677	0.0014536177906416905027
0.0061488102123331556115	0.47221237836526702702	0.0068028123732876664975	0.00018199760843135199834
0.006283938659487231515	0.41420133510325879422	0.032682764344384773736	0.00038707256657982398815
0.030753088246321669263	0.39845215187138005586	0.062672491129733109982	0.0010485351067915785802
0.033922353874885513569	0.34465719847991865832	0.12040311467229031228	0.0013473150619022658363
0.034249269182000996459	0.30726197264610616289	0.18801737141968249967	0.0013840996883246075612
0.023241678602613502491	0.23936108935902314365	0.22863966805069443899	0.0012843397184262236865
0.0043938650172252735615	0.21995537549324528648	0.29436614830511242946	0.0006624627852053667108
0.03281104555287300828	0.16014432985913390484	0.2810205861400531524	0.0016603276421168272278
0.031892011518941221215	0.089889698871685241865	0.34270049386232814825	0.0013612941885551637592
0.022789874188533731925	0.050298919275134912343	0.41833624936634605795	0.00070355884295322530363
0.033504405892305244574	0.0067746142501707851125	0.45379840231389700911	0.00043202487859043568405
0.0060974196756223841831	0.42517317633118956177	0.07865089289723870003	0.00050820678736776731844
0.0071276815081419697684	0.33265717956351043005	0.13566813786501713546	0.00081212005702243597778
0.0044037766811978462655	0.31266605510596284789	0.22135553707255356537	0.00054378832489011873306
0.0070298316339155175747	0.13780798113665099214	0.34899896774699856739	0.00078774768949733324323
0.0038912298161795089158	0.07480609462479487215	0.39069761694216725845	0.00039767649465364542875
0.006215220176500668714	0.027902661183844768011	0.4452394823816454017	0.0003458116346598929039
0.0057981377105325027088	0.005700172503703915261	0.51483225924750697367	0.00016435694503103026078
0.53392765099847361299	0.028366085481442471911	0.007150951537555505326	0.00039343167214528687852
0.54270905632734534052	0.0050049281942970320902	0.004770741024858476606	0.00010916315953315519844
0.51247886371081585732	0.074767247347870866014	0.035604079604502167355	0.0012769583527056263365
0.51623399886625642718	0.030346762029044356546	0.040506236624214382591	0.00090043646626937880271
0.52432563157955591748	0.005562278557581120525	0.029264003504098492353	0.00036221736214701259196
0.51008615771670662298	0.072971508913787633266	0.0080014615728906963305	0.00063879295439696521814
0.42883425926616103308	0.076572237500134962551	0.069261060967396828603	0.0014780820540969870098
0.4712087812690023414	0.034630388366685554979	0.098473845345814603469	0.0015089899077220252262
0.54894010676777083013	0.0060349208174559632045	0.083913712678544125079	0.00059892848231469467558
0.46681022577499386994	0.13790520026125610564	0.004487452742966458602	0.00049956522234600466391
0.42343001468767921258	0.13849067452195121253	0.027703811353897565828	0.0015805373205491782609
0.45099023353335843112	0.11756598638110395127	0.083803704944339099669	0.0018693857289701367418
0.44763933883779272183	0.006320407172942660301	0.14656154592636638778	0.00083840724355345593814
0.38931480001684065639	0.19777647789162983161	0.0068011418851898668494	0.00070367096028855721269
0.31941779336314446436	0.22599292172195664663	0.031825410501906764571	0.002053204517292977864
0.37020767110704522196	0.15970695806232937386	0.068400460714099109438	0.0022664267136667465632
0.40044122864687659025	0.075239270064422048012	0.13800627402550486034	0.002537446210964852851
0.37982946531533257062	0.032676515279339762854	0.1928979203183106006	0.001847876989423215266
0.31047441504184097871	0.26245453838353216547	0.0047556824629524799622	0.00063717565375610287978
0.26732227427738258774	0.20375806305806742902	0.078253975726581145866	0.0019425573741397492676
0.28026298893297568737	0.22094596437962377156	0.1127313877402189024	0.0018857940772402637629
0.32146175492927320239	0.13878517545779631148	0.13378231347238681015	0.0030730506047342114051
0.29364117527287464382	0.076180040035238372198	0.22114510254490676866	0.0022887684311178576116
0.36141315900231357761	0.0061358625178311310133	0.2301778358246903966	0.00078735477831329476507
0.22817213220723164824	0.3187099668678466946	0.039217426675661852531	0.0014768291669160719254
0.22173668682560221388	0.1776243134434020432	0.18075886844602315207	0.0033360234112026227599
0.2619470507026004924	0.11159180674014909651	0.2098929537637058973	0.0016299353913351052707
0.30430580344017238437	0.03351177244342568029	0.28501956221924851231	0.0021128302789194530753
0.26029553930743037915	0.0068376248271788675481	0.29263029016638325563	0.00092715777075474199893
0.23130471460623047708	0.37096581111504745021	0.0025677580044948075839	0.0004938887256494813114
0.15119326373572333777	0.40806456864526507999	0.026990090817974359688	0.001403828076620360207
0.21083356520077056739	0.3090763770229455476	0.077723305041758034006	0.0025232338370330831961
0.20616528656740429337	0.25710152759159948799	0.1413881333001501539	0.0025173100696260788077
0.1891553464527856443	0.14043548288226348486	0.27339314622869403948	0.0030575705659059912445
0.21249514591922064044	0.073044089200459294542	0.31528647954257960073	0.0025803877334851788028
0.21206569239877770539	0.027836048477039687654	0.36611719786169161228	0.0016450531164424629302
0.13894829899758620595	0.42827341302907651066	0.0055264637080283396386	0.00064607374874574058539
0.13354807639584376222	0.3837585337966729071	0.068234696421563337254	0.0022567291987219415331
0.14290096449828559866	0.3164990205723350325	0.13330541081711180795	0.0028509255214554315994
0.13884726072602243674	0.23872132455225197889	0.21412585030589503798	0.0034752972867010461719
0.11778078099004829493	0.16966658946187956891	0.28742362720884612193	0.0023276264428219177634
0.12395569096290814937	0.12486830373873020195	0.36625649659726627894	0.0019343660824849204499
0.14488093135209784146	0.07508486093767752223	0.40433193371515402381	0.0021413899676824658946
0.15765580159786130032	0.005828494601177069967	0.44217611305275150713	0.00082382731301577471605
0.077624299082029113439	0.4859325187553507619	0.0071651587973693515662	0.00057405342173248686492
0.081246016809536025782	0.49126766433017809987	0.033882870151283668581	0.0013999134765316759068
0.067370535114149587841	0.42673947895243696804	0.085433844453274107589	0.0016866351237472057556
0.084126215045677521509	0.36445699669710696078	0.12032083395126323688	0.0014145595910434491209
0.083247234872057207511	0.31734879800152093754	0.20384471980518259482	0.0026414624718272576229
0.065349442744736752076	0.14719253036269713819	0.36210102040627173414	0.0023287013548220210184
0.072645500777826721439	0.079379644604930910123	0.45402575182280019428	0.0021006992025596870483
0.089974791476340243435	0.03110026280756755801	0.48453497329256861592	0.001134569312345508384
0.07944661204433817181	0.0060592383260738014172	0.49129006075755216054	0.00061230667417474344497
0.031715243078871191429	0.54488365000516758574	0.025485523142823422738	0.0005947558338697981695
0.048347737266554058344	0.39868335390941889163	0.17259145499459582762	0.0016566481101920797845
0.071294579077494923958	0.23505377196642202042	0.29003431060035461675	0.0026526681412375376773
0.027787461363781962298	0.15175369068167809949	0.39416385267890641231	0.0011657737968052009694
0.034279053400723902278	0.032912906097386063209	0.51889751952476581565	0.00099666139301523258565
0.035339281030280944584	0.52026231788794274902	0.003091657745285654197	0.00021326124921399849444
0.0057484239171768924948	0.52601098972505833107	0.036063024296498373544	0.0003957297619404634057
0.032433293656006223493	0.49226719746110103593	0.057710028360839396577	0.00082471812124643162356
0.023410975564447156216	0.44479569908926552824	0.12403721043479522257	0.0013021419499299055015
0.032934551094921826753	0.3262890380284389491	0.25340430352027548677	0.0016390073989217129879
0.028385253858908665592	0.23145740287495147891	0.32481791775287421897	0.0017412768239594084499
0.028326956117355139853	0.092018903217936376393	0.45726936422481800903	0.0012554714317563010414
0.0064319028630923646972	0.032272487251548964693	0.55425888342707252399	0.00039762204823097187841
0.030030319291719176356	0.0060671316024124566368	0.5620600145323469965	0.00032067741687516124194
0.0075809522848577781673	0.57713685537436221207	0.0068122940145065331158	0.00020400854423562712089
0.007762332881595779277	0.52552248860336825409	0.081816498143884960892	0.00053004723067257518681
0.0012746396693515960052	0.44804748507405806057	0.13365828735154999807	0.00027892214905799437869
0.009540147003501586731	0.39649860007781279059	0.19393648702267915485	0.00095697412135083224482
0.0073696863103888121671	0.31542136143830007411	0.2985684745072321733	0.00084453301655884323133
0.0059510830992028918018	0.21788339383935140248	0.39647578874841660213	0.00076142909546371342205
0.005195645665583170647	0.14164098548873205186	0.45105022380662740389	0.00057826748137498917065
0.0052920492318321299408	0.077154704674840313139	0.4965276840043757467	0.00049558127602484917419
0.006873271607813147277	0.0065631238050715134946	0.63578533253269042813	0.00020392163010376102581
0.64646777188343329534	0.0071489938215934705282	0.0072333815850700198744	0.00021221803796706392069
0.63212915307604833348	0.039339234276564952197	0.0042734054219618579015	0.00031359876846739800742
0.61810646121863022096	0.031052741613371320772	0.027070328362203285866	0.00072182984828200150336
0.54589579375604713185	0.069874992379669487175	0.081095219010110741742	0.0018982283481352377197
0.6269295597219102234	0.00533901959732835385	0.037797802700064345172	0.00035389815343230207959
0.59053207556852427285	0.093722512937682134204	0.0061190651725365509395	0.00056657290603664099953
0.51903033929267616831	0.13913145425549716672	0.033998410160898023813	0.0017047918820398688666
0.58455005013586014417	0.027671384104365870371	0.075271630384091001154	0.00099766478788231287983
0.56376072711921632052	0.005820991786927326439	0.14679234965752804842	0.00072434211993144129518
0.53571145134916586805	0.16591186655084777524	0.0072076494667221643886	0.00079887762915997729239
0.42586971890118191508	0.22821143335187854539	0.028616178701803170192	0.0018941317561762395331
0.53602619939850826292	0.13625395367312692629	0.07746017398751574301	0.002158729594730665613
0.49350121528415458183	0.077335148592963753877	0.15077695800053267372	0.0024368518933558158332
0.49983347967261215761	0.030734067031399164849	0.1573279866243595948	0.0017322235916556803607
0.46080761766224875853	0.0060773814903516132357	0.22795207396258271304	0.00084034624868126921518
0.44136959460309210801	0.24588042434283258197	0.0048142504819244768405	0.00065564801703770630992
0.42677493487171042075	0.20096026984716869324	0.070008288067003973665	0.0021965287962031521292
0.42599940433310917731	0.14272694681434261454	0.13618724796434017454	0.0026384067809329661211
0.3838992454004044319	0.082190536992645252257	0.2222315227641537827	0.0030401113379665235456
0.34583179103945960176	0.3294240770052954681	0.0053419362326346418388	0.00070819550401127586217
0.31970215572716603747	0.26923851327597003724	0.069379385444090696522	0.0024693316202863920851
0.3569938099772663187	0.21927846483118998422	0.12214910413442273129	0.0027915794555911288208
0.34242122942079700199	0.14551100713103243267	0.18616720933469216304	0.0021322557048051829671
0.42651152235377365329	0.033965791226039543371	0.25192356647359698263	0.0021274628381540055047
0.35392659109474244872	0.0070821520063940046619	0.32234034273082962097	0.0010242664692663484578
0.27469749692084421966	0.43387952088540138185	0.0057267174731573319835	0.00069241754095918160543
0.32205000677209916216	0.32299997515389855529	0.02511208664099541174	0.0016626997622997429817
0.25270124515291064737	0.32937348255551956999	0.12058627331901275448	0.0034376914696406489502
0.28027211293030984685	0.23131335254949947355	0.17986268569391350436	0.003410330043010586891
0.28175756671792123731	0.15035828000631151768	0.25088038682017810288	0.003298150343381927186
0.29247101977903133818	0.082571271439423887806	0.31413769975079608443	0.0028443043191799127246
0.33788605555473616437	0.037228778500936587914	0.35142895962039882862	0.0019380076778500597741
0.2266320311502421081	0.41637169388890976629	0.022013724162152567554	0.0014562248677107748635
0.23080194201786968788	0.4019171481406708657	0.060091883810235766084	0.0021253476513998538489
0.30618066829833412434	0.34533884854085938887	0.058537543792886781446	0.001298644314199761101
0.16859613572371057177	0.40837861312499934563	0.11528759745742410414	0.0028877971488904048865
0.19078733367378275521	0.31421612740018617371	0.19463561721341032795	0.0035793876236769163815
0.20018052946416298177	0.22481120823760702976	0.25693778565702851679	0.0036564288495299405134
0.21221711614731431084	0.1357898930222490308	0.34916988370968488065	0.0031414887201748750364
0.22150404987150507097	0.066461337774348039353	0.41892277206343420115	0.0027698403789965242439
0.25874485195281970995	0.023037639747683025249	0.41613684895080016446	0.0014579920486651361256
0.25296954882295691336	0.0034091299221720161583	0.39277317619937074378	0.00059070343898093768606
0.17415078473266731862	0.50145476956389356538	0.0050527960928687751935	0.00066714875747459346893
0.1394045927921027106	0.52217432777559047441	0.026996026803784264197	0.0013836525004612871843
0.097344176305832030849	0.43960114888457435534	0.13022407393126278485	0.0019242830444811506903
0.12263737573671407155	0.37772707140008410232	0.18678649784913325949	0.0024543086058498170265
0.11762445405951449384	0.30266076865057572887	0.27622351420761265262	0.0034553362400505031708
0.13366082035448534349	0.20813008913508573849	0.33969030362025937064	0.0032845771108936942968
0.15077665508218651702	0.13349297603008203339	0.42253468265979277074	0.0022011360233129351541
0.16010969138095665354	0.029499121036246245264	0.48809280904414037439	0.0017315180219007460065
0.20497969698172235908	0.0054362565715132538102	0.51603760937121256891	0.00077862696522926753452
0.096029675988883678173	0.57224796664545540814	0.0054052855406262149268	0.00059163797315345289553
0.15776628423395211431	0.46278880105776720733	0.061526807937866107023	0.0016371942903349620373
0.056516016639257204979	0.33447135445966252876	0.29901392262713183401	0.0022758281835184475395
0.082536841125790516571	0.14979225423591108202	0.45086778898942664329	0.0025598677990367716024
0.1276250973146225709	0.072935757296573311415	0.50669259251942921907	0.0020832250712530700314
0.038560927283309176516	0.6176649854627535019	0.0065064085466644315872	0.00042737809829464918059
0.067493403703278498362	0.60616051283961502882	0.03117639704791376476	0.0012306045046247212921
0.094504244724145536338	0.51443351195925579589	0.075767568309831209716	0.0019357825875527994233
0.052220423593204001733	0.48665109198791822731	0.14754934794280913368	0.0013806548995607993702
0.069327293109076482125	0.42539429097038450323	0.2262740066975525155	0.0025902414030148489948
0.071220955017664455688	0.23429223069731158757	0.38460338825470380408	0.0026451042148709384347
0.072009035353691630554	0.092011776068393946737	0.55061571284266153103	0.0016453185289853327483
0.076373500781780845337	0.035291973139686350081	0.57568379077108955411	0.0013708356268427187262
0.11502736411543490469	0.0063765086021484451706	0.56776370989712665605	0.00073128345593321262327
0.053781173112994795638	0.0066070537575804166863	0.61461303389780319595	0.00044482247312401348213
0.022690364023419395956	0.63070756374087699747	0.037111633782287378747	0.00070904821115666321826
0.041092262046237726381	0.54929975759136284719	0.080318701184309268526	0.0014150486058281108986
0.02360516063533091291	0.53867148897379546479	0.13849803308047778372	0.0008377552520558933331
0.022392746879596137077	0.44517146609002006263	0.23071414360571790292	0.0017094040477875513482
0.016878317606415116359	0.37104548150642768789	0.32404189533677896229	0.0012247214539587119968
0.027110113120670464859	0.2786971360557177757	0.39029014420823104903	0.0016568708891247126147
0.03299694473330450073	0.19055515400752054411	0.4462534521905967555	0.001455940747327207031
0.032916823542686879378	0.13405055838068069551	0.51729560803547469661	0.0014018590426868467701
0.031645508937371058522	0.068489332199361485642	0.5690316857130574002	0.0011234488412352606861
0.028026242234563292222	0.026269205819519303446	0.64896624812099090729	0.00074369732062489575172
0.026271951892880784918	0.0022210524370280815276	0.71275407359638387472	0.00018272799551708344208
0.0063086497816862152632	0.67749899406934666057	0.0061937518722077929134	0.0001533792754971407895
0.0037184145786252065236	0.63512102412857296407	0.033278929327363190871	0.00023992037644471277038
0.0059873408667823202478	0.60164341284263489484	0.087139165087449690916	0.00051366214370400140564
0.0057023073205190177859	0.52315249760683979474	0.1636333805271021069	0.00071380056616534193377
0.00037995318124661725534	0.42990224746987448778	0.2609506187848661396	0.00037263586350660558768
0.0022339396965821434193	0.30439912912032962566	0.3734836246573116636	0.0003056927309201044299
0.0070305647137937077318	0.23728394563367000147	0.48085500555332710837	0.00087908003309292831982
0.0064332386062336821553	0.151721751774121838	0.53798158308771426572	0.00070200045293727941255
0.0068484859682131915548	0.085194057203657691524	0.59375978835535547784	0.00059186337081345381708
0.0048516379025039801931	0.03777567875893583782	0.6534990326531819882	0.00030592153578137463001
0.74908953307653558529	0.0070372607849783826856	0.002920877473509123079	9.8713473572128684311e-05
0.7255224273504483623	0.036105085330573834235	0.0087127861621979930257	0.0004914716458753877297
0.73119876997191368684	0.0068891435023935750082	0.025703622509861277085	0.000352836464862422137
0.6195491617483143143	0.075825831121269046675	0.030635426123994474734	0.0012166885699168997551
0.64050477906550273843	0.078119904808066270574	0.075718852099986938553	0.0017251401785787232133
0.69152964374253655944	0.032218626155688226409	0.047987739552765376616	0.0010049081477976817486
0.67238267248265870535	0.0055070875523686585451	0.080390457241121787701	0.00057407705978015683042
0.68669341410932027703	0.090040494571996670947	0.004904901528851834426	0.000463141837931712653
0.62996962167025527535	0.13252915340706897251	0.031024778004795614678	0.0013738529299414669899
0.6064804898072013728	0.14840790976370454857	0.077030049552266929846	0.0017263948231359027737
0.58546683209477135001	0.07961752206743177851	0.14101555714809649311	0.0020538488103992377787
0.61984187645687915946	0.031515669167040266663	0.11598450605393367807	0.0013894230533550975572
0.72913401953997403204	0.0050683576966478322001	0.11530676790975886992	0.00042154532772998665278
0.62523190631752856294	0.16460445190460076814	0.0062824392001263442212	0.00065897333525098743343
0.53161659612250344864	0.21562480199452829788	0.035519901863114620999	0.0021225512361094465291
0.63504456267533249125	0.0067063048155102666925	0.16604511637514268729	0.0006577688798763169694
0.52296725929431431279	0.25554275585245761482	0.0064071748243316852325	0.00081046369054906235857
0.47655379496012595375	0.21937916036649846019	0.092899215780780905471	0.0027578288507170323381
0.50605898409505778446	0.14257509812449875586	0.14448088313709411823	0.002638559988802836008
0.47152840449150007496	0.084232887382385296382	0.23433851814000214442	0.0029573323421332709492
0.54991470728790325939	0.034689572668404361488	0.20538708616552900366	0.0019683196843647112265
0.53296140820923043613	0.0069084948581107086252	0.24798753564435757624	0.00085105259491977808262
0.41351137468451182322	0.35900825768406768868	0.003969586854898941343	0.00058407658011227006623
0.42623361592200126324	0.32058275086924975517	0.023971066752702614722	0.0016245256443921012382
0.40024489130131846171	0.29965104797450892171	0.061669124059543160843	0.0022552779573976103854
0.40070664096274055677	0.22647601057055286033	0.16151369738543544519	0.0032581734187328587754
0.39742852366016745425	0.1516304426297238328	0.21892966975370595217	0.0034090155001258153761
0.3690565966250168306	0.085704294998799834815	0.32077867291924461179	0.0028033845171373033764
0.44998658287975756842	0.036194887900204308906	0.31692940589801554818	0.001990124832343955711
0.42837409220868666315	0.0069559081762928798298	0.34073041337938497763	0.00093818409108069919077
0.32940847634804054644	0.45471478939489462512	0.0059467872580330699908	0.00061006781898368007966
0.32222860972311989647	0.4197796351670874393	0.030466208231868283085	0.0019779071946647392918
0.34665413398554589808	0.31049937969555285733	0.1167821503125192617	0.0029522460287780770936
0.29095309651121625816	0.31060172576252553789	0.18774162114474102214	0.0030349963511123005666
0.30387903428706664055	0.22932500875790751138	0.2365012048327719274	0.0031440639521021383415
0.31425083995428121364	0.14864502241026189555	0.31297631102931705582	0.003252869941705652506
0.29450607864914868372	0.06940363027277995922	0.4334124398140989376	0.0025813179837761443883
0.34896143564909487544	0.027630197457056027144	0.42825510897830959545	0.0015817522371202310735
0.31659566070180450437	0.0051971027071892050841	0.44507310369039371212	0.00083302732227987950561
0.22453481306861222677	0.54629801423307089436	0.0063301287068421698348	0.0007075885197723667374
0.21990729262166985869	0.51367489950462263959	0.033851776268847180718	0.0020468529576522691629
0.30624726205990937533	0.40304003738550753244	0.078993781448160285685	0.0022014528100072526876
0.22990635529276681748	0.39978633146828956857	0.16067674558755917769	0.0031890346398772504571
0.20997389613489569893	0.31719430965166595104	0.25909082424035101422	0.0037034337435651533584
0.22237894901739196918	0.21741686298347262518	0.3284936365388498869	0.0038754196862789483391
0.24667025006997178593	0.12727455991488229037	0.41213307938158233457	0.0030216117630440910216
0.23608445735473349014	0.028776057846546354568	0.51856774508429381854	0.0018106444991680258495
0.14472284592045403517	0.62484960886445872763	0.0065976427494760453776	0.00071106375635286169466
0.22890765231599530249	0.46689507497741677966	0.0902129911187718736	0.0025680357239783063207
0.15777116334161178646	0.47155325418758536893	0.14928213049784594402	0.0023413438019558568265
0.14210255538205907033	0.41001031199288950901	0.22430792810427366279	0.0028784351815180604997
0.156662534132811615	0.12320265926700052495	0.49746861396192360028	0.0023556319060488951564
0.19346673895891119965	0.071530016888126435326	0.52313923318951638386	0.0019765146367060975295
0.074117952491766669887	0.68672483252703653278	0.0060739048144520368239	0.0005188955953764127875
0.12882744414595637128	0.61134659410031866322	0.033850918462808313181	0.0013005652331052066327
0.14886576047353972108	0.54767297188846186806	0.079606804524581992188	0.0024274403039900955756
0.095653753148079112556	0.52356862141528881516	0.14236561703499645004	0.0023409835542288820118
0.1016300232050342256	0.40394224717640470068	0.29402933473759496064	0.0023038911224156776066
0.14233096731294014869	0.30312906453572902032	0.33666622487410852171	0.0033477606360490593136
0.14527264455518018593	0.20910456230992729987	0.41850101939107359206	0.0030342129372523149282
0.13853121125460898799	0.079204401617964714788	0.61020283348415726987	0.0014066365086020853146
0.14087291806363855251	0.032817772374901799104	0.59619257060658670255	0.0016362129535772743875
0.15346037168661597061	0.0061320261361201833239	0.63083654924985343992	0.00063199823212960659548
0.078746131072499503389	0.0075508126561373289931	0.6868292367047219571	0.00064078127985023997613
0.026971146762358899629	0.71740250720637521731	0.0066386018163265428718	0.00030353930392696467245
0.084793309994613763614	0.68407850370241063409	0.033541225926950996028	0.00072618056792379261869
0.072572915073622956683	0.62148166373431523724	0.078561907308985323706	0.0018478621226062055989
0.042558987600229358783	0.57884032555262387998	0.144486867707106309	0.001352046838877642241
0.07945448060737636542	0.50673266204316835815	0.21861099134195485783	0.0021336734226311284378
0.039665628810063635612	0.44142685722065033715	0.31070255704649052397	0.0021191430725481744807
0.068745203947367494735	0.34396168778781510689	0.35939400052641345962	0.0022250897394098774831
0.083989945758166761891	0.2626155559062759437	0.43468314244984773698	0.0025169873531767483071
0.087733509369340878514	0.16850210788146846586	0.5239951775962311542	0.002779214406944924276
0.091513934012526942929	0.090409172425675699003	0.60909421501746063843	0.0016561287756207455652
0.074825445118316014081	0.03870272236698679702	0.6682312655657589584	0.0012200077616471040592
0.038497173219015579093	0.7201628972288786068	0.032445596809197098376	0.00085359535244142171161
0.024885292800047698059	0.65884145323052467624	0.078949424161212769513	0.0010571433936823622889
0.0067833782972667178157	0.63794829329914382043	0.14170000949198094387	0.00075952426548146550686
0.031963962004520118931	0.54026886665994078296	0.21666138935356990536	0.0015626242835244143203
0.0078545763526352008199	0.45080710488399899916	0.32922318791207927369	0.00095003284531653439497
0.027480910544378400751	0.33594700351796508153	0.42757093790805550393	0.0018609321215567048435
0.037580467512905446625	0.22567729622469978601	0.51120238261355732678	0.0021723804122373308739
0.034618228420910779342	0.13989939570363396637	0.60258389572672521606	0.001640537799556180884
0.034440674143439320432	0.071182998599846225574	0.66440041238758984488	0.0012254429148508122743
0.031189317443307329469	0.020780983346660120148	0.74774680347452182616	0.00064049688881143119427
0.0043942158596578240193	0.0091368497225604583534	0.74482112414330325922	0.00016332321033342482542
0.0031941852431932593603	0.78316047978689495856	0.0046869580687855369114	7.7224203068379499272e-05
0.0075005929687975703146	0.73414333708928591893	0.028338473599794321289	0.00032581645575981897601
0.0013467467376847563898	0.70745997991909126412	0.068688717152624312323	0.0002153412186098318669
0.0061760452221150119456	0.54689951848932061296	0.23283388057112311409	0.00080734733596589532915
0.0030845538754953327754	0.34799493367425066159	0.41341640953880981479	0.00051615991705092042
0.0072583837292385933182	0.28110415207016770101	0.52729130377866539892	0.00080654718814312837023
0.0066506359119470337404	0.18233392920016444627	0.6020526204857770125	0.00073755327653500773327
0.006552403142251583823	0.10327881936989979916	0.67091715573974108899	0.00060967317825828207939
0.0069222338294085972166	0.046156016239405794899	0.73428984710716416195	0.00042498096034107016219
0.8321962500499090476	0.0054060209165340752935	0.0091055840030458707474	0.00015680029324646889942
0.82291912375735776219	0.029824509061003860733	0.00021013986538541621469	0.00010700725426625677238
0.80045839642879912379	0.029245070882832329556	0.023416391425736138993	0.00060323091290602687872
0.79053832775656007748	0.0052746961954754437163	0.049404249396864774457	0.00034694939556456942317
0.78150528198974145155	0.075560407086879791128	0.0056344083525264633538	0.00037196615126024076521
0.72285521033254473977	0.073628565647548438466	0.027921126615419046557	0.00086420953581578877079
0.74044430237650082915	0.057974351561109180309	0.066203696804025408129	0.00097698442895552818459
0.74321089247405935918	0.023845091480768201841	0.078590667952279841257	0.00072697249611829574227
0.72022850835611740283	0.14476757569268394743	0.0063661437569798393771	0.00056324712774510877177
0.72166484323919688482	0.12125131152149012936	0.03259042522802358538	0.00088630198852827251407
0.69742598438325353882	0.11174514154900962171	0.072831283572440883023	0.0011589811337145976711
0.68122967314211868572	0.073180719136805211233	0.12646533378096375122	0.0014933486680888327647
0.67743997999427896239	0.033308089695983006395	0.13109733120651417826	0.00089730532714750845316
0.74539210803689492923	0.0062238864932875059832	0.15699802159665690593	0.00043119384131850402959
0.61750948267353389376	0.23877391330547453885	0.006873039734828126357	0.00071876442257612848611
0.63876397600673040511	0.19620823177381957469	0.033676183965449878188	0.0014327686437433926388
0.66590328702177215003	0.17253059842222923104	0.084360164942113124997	0.0017060531747968240603
0.60034606460991946086	0.14134849274578828449	0.12733793611359742193	0.0018433389884571784421
0.5833978693583605768	0.078054061902956634045	0.20561954255851480622	0.0020687212066089945978
0.65135426422934727952	0.029734123441031740098	0.19375840177492850702	0.0012377582015987691894
0.63763895963013472734	0.0054059192507107112213	0.22971652961703861728	0.00056115380035755627053
0.5070189229153115873	0.34716858443397130563	0.0038318442528380829842	0.00054555431416950460853
0.52837950820597145984	0.29999840959168039278	0.028812830433167953975	0.001577319002002804376
0.56266167117004517451	0.22830985411237789129	0.075084168021437497353	0.0019971316186323450834
0.50521679634339999865	0.22297590554779370131	0.13960274233662231524	0.0026586381880900123754
0.50564714574295399618	0.14724207141263442877	0.20278213681463921891	0.0026234631307535030004
0.49600055099390633062	0.085386886504975667567	0.29028643475477289293	0.0020635485388692375447
0.54776825590442312919	0.034583282784274027577	0.28319062346369905381	0.0015838246904035899361
0.53514531194268744052	0.0071448298106175922584	0.32066358641330294788	0.00076134170001535017049
0.42759255561008274737	0.40653411893836932656	0.020628506139773357397	0.0013862369184070690367
0.46328495679600623092	0.30997688039439263985	0.065735956891137856117	0.0018421291342033338512
0.41345013112806205946	0.31748797403937184525	0.12675690110483212036	0.0030947648743645064275
0.41532809449099988841	0.22994327192476674004	0.21413627696937878597	0.0029147860398321735233
0.41292268443083507412	0.14958994209320319868	0.28820670340506243656	0.0031738090626013230888
0.40577300281430994655	0.077798486051935400454	0.3715828113543886424	0.0024798218192326731274
0.43551565560402577537	0.0041085102929102612634	0.41147414947788157891	0.00048264434253452001729
0.38618750332333912079	0.47351488970679594948	0.0028306410930057702459	0.00041912201065014148419
0.32539594487944745183	0.50712988215871290798	0.024116705556515849462	0.0010510562235377333279
0.38494334326058055051	0.40629348014072136364	0.061127928814444905392	0.002327609996455125025
0.312476887079773058	0.40554710602943416786	0.13371356559904751249	0.0027344947566120877264
0.33724463349003119816	0.31895885843762877832	0.20999191613766815534	0.0032349142330287058988
0.32494960168333053563	0.22838655896304366211	0.28383917740366132465	0.0027035115789121847048
0.32444388333873985797	0.1401030972511447259	0.39670437814686193567	0.0033954085479667274819
0.43371027116005372859	0.028119440276445750726	0.41019855014679967864	0.0015556609197518393023
0.35428252575296792504	0.0055910428618382024268	0.50159723187521965126	0.00057736441223549955781
0.2755713877838739112	0.56572292718828398606	0.007447064389095591451	0.00069761901935131917507
0.27505432502548665674	0.52716843046123074146	0.048954453410085502219	0.0017410780617410784657
0.30513571064910083308	0.48066306172654460482	0.092858963419311310594	0.0017556021991724938061
0.25079215182194869449	0.41421678700742692314	0.2101985146565800433	0.0026079612593852491767
0.25091128171020171678	0.32122005377906798218	0.28940342119064060844	0.0031828209091192506339
0.26314375094979092218	0.22397498334025284228	0.36709672338170745709	0.0029183383625410071194
0.32642707818959182386	0.065759551404258209661	0.4840020304857570177	0.0021077197211671334746
0.30756120830026045798	0.025874665981658884206	0.53318921924348550156	0.001279859107843271367
0.25250756792254758221	0.0047812143925217709395	0.57109839327900735473	0.00061408663847677417893
0.20124267306267251687	0.65697900014312671235	0.0061029568029502892501	0.00051258224488819330734
0.18848255999474727851	0.62643384365393239843	0.032888951351764957043	0.0016499860540391420721
0.20771214437655061147	0.56477344417799391074	0.086325418592199831824	0.0019414467372594699374
0.21631163861226676559	0.50752892449659325891	0.14559123585974589887	0.0025082096725381163027
0.18390380419901775078	0.43169494441134637075	0.23205311339335435439	0.0022470211229641857964
0.18254245737714969167	0.29367073162103074502	0.38195421007857410789	0.0031914886789136251086
0.20116276224800022643	0.18354902732575190116	0.44457061264674985201	0.0024506766041078259857
0.23383938026935113808	0.10758239637604427585	0.52159096767102230974	0.0028704520793106759816
0.22227301831832957379	0.049238284856586211902	0.5910621977036718544	0.001770047084801186759
0.1993336465263844115	0.014048317665870113657	0.64411263990940881285	0.00077708583621743010286
0.13170191476192016911	0.71888766634980216796	0.0061243592433208584799	0.00047495924570127481378
0.10649155543252175615	0.72261964342349793711	0.034470380595708893789	0.0010701646420806698503
0.12860321583805112144	0.64475005037095378668	0.081189721818708079915	0.0019318999350008713746
0.14256067754503742862	0.55292712122118659046	0.15377918900111325895	0.0021781577733227673772
0.12356892129365892874	0.51799458134528963971	0.22708970936865666146	0.0022779375022455492471
0.15599590275269059614	0.40216035143104822414	0.31001698053204485017	0.002779764060527814204
0.10212624455769281351	0.36312621937302680397	0.39432961332494553819	0.002625266046485241235
0.1288120395616904057	0.25243111001584628283	0.4762009445961409293	0.0028449766594040208981
0.14232517172400327432	0.15615746137431052443	0.55805999562431907179	0.0027796767045549122636
0.14498999868448958495	0.094103056988370847868	0.64762600947248794014	0.0017333810930112449576
0.13950560415352530885	0.034698072643417954275	0.68298081813912969729	0.0012785145062874036202
0.12122968103425169062	0.0041680825592682602121	0.73079552538430792019	0.00037192935409344017985
0.07262727407506353039	0.7694022758924622396	0.0077806029414448805645	0.00043753197657678147368
0.057023208617887122251	0.7298023021806828714	0.073068376723328082312	0.0014240123296176414487
0.082830953955014163803	0.62720595576769433421	0.13300918717700002669	0.0017860688781589457649
0.060750923466488471192	0.60086758651479488247	0.20668704225374090466	0.0018034281064082094328
0.075527640349724922686	0.48122319872517510531	0.31029097811316258548	0.0023768599365852883208
0.054966033463148877836	0.38737941843747086823	0.41768476349094590949	0.0012117321826932612137
0.062454244657395907581	0.29744692315477450073	0.48956845898391443406	0.0016908318919985681691
0.076415131884059350753	0.21366340388154558827	0.57555776983675244196	0.0021857062722420265988
0.067979130931395626014	0.13061383709715079782	0.65114289532814262351	0.0018449538449876706336
0.07671750237560970298	0.063475895596036613355	0.72238446852079563065	0.0012221755639419034159
0.08090942904846087913	0.019792948168332991088	0.7618456451151192077	0.00078777948678718429966
0.046246656920670647928	0.0012311225161092398395	0.79684147516466052874	0.00018812311398980397946
0.027129453655130975065	0.80534222085633189181	0.0044038067402497301298	0.00022624834090565284789
0.0080786311414576816858	0.81747048927318044509	0.025246302499817210169	0.00028913886692825084817
0.014414781080149818848	0.75493061058135746411	0.072609453775970236866	0.0007162385619027309509
0.033056602306005711256	0.66849964903942771244	0.13323841931940488825	0.0011561655302947245957
0.017847892868538162148	0.65520871405322145264	0.19230630791625130671	0.00091932775868938491903
0.02778235054268618498	0.554077794441345306	0.28342643581401733011	0.0015099606744186232395
0.030213471699168881202	0.44436403877967095566	0.39090083333591346682	0.0014221026474591645823
0.027962974409654228758	0.31820530831272930694	0.52636677601139170157	0.0013508954353456995544
0.029448177967490440921	0.21827943994997334176	0.60923742794995028316	0.0014667873816627957639
0.022907565491371961741	0.13403542649687116839	0.7043204325128207266	0.0010872419050220805733
0.033938846727073146425	0.069339698058633381095	0.7473768000312620563	0.00089151045844573111911
0.032975738588200798063	0.025930258950323969991	0.81637744242827214869	0.00050764213367344404766
0.0091298136326907197713	0.0049833828834784377193	0.83025542385863382311	0.00014462165423117595781
0.0053926003513394826783	0.8742192660927254888	0.0050477793450005728829	8.5821244870526501667e-05
0.0022550956557197965324	0.73711149457162994381	0.12724314388103841189	0.00030640438857392014033
0.0030153513587647395866	0.63693661084162922492	0.22700909057373996891	0.00038072887225420006582
0.0051664170359809746813	0.52748157132101081146	0.33163910131624457778	0.00063418212057913267779
0.0065452006991865152585	0.40618044909815059773	0.44201257968967538892	0.0008454199215562595033
0.0036066514376041913792	0.30867816062923647547	0.56262020591591366259	0.00031954410178243540085
0.0045639009386621021136	0.20607962945533375709	0.6581159152543804014	0.00045332504143690130136
0.0022556873734447258073	0.12209938224770833237	0.73674445862030868426	0.00024894677328857585732
0.0077740761328106700034	0.068405084224592127562	0.79125060799490154473	0.00039681562334577941391
0.0047208913665301999174	0.026464166448433967815	0.82551721303056690981	0.00018732463577364287651
0.91100072015519240054	0.0053944928267700654675	0.0019319125528676995771	4.6857221179392159228e-05
0.88116061473189244424	0.029987984218998016417	0.0096066143605855591064	0.00029570612694093504919
0.88096982736664497526	0.0060186634288939590276	0.026930425298922627125	0.00022158384521126070401
0.8496259904623160164	0.076044643731578542845	0.0033322491549017019437	0.00019278440308509404641
0.81373288862487858086	0.07046559729145987494	0.026781928934178196589	0.00072020303688664173355
0.7790708583870351589	0.075252624686108257612	0.079291807010011441936	0.0011231758228623920683
0.83146761466911500715	0.029092550877454749492	0.05500257034930022132	0.00067098534841029131362
0.83071568793801542352	0.0052223206866432586581	0.081124077372113995166	0.00032979971842308824972
0.78527672801695169724	0.13866125636921139419	0.0087632701727683257747	0.00049165044908899217368
0.75108690499277241948	0.1400327121295814603	0.042502704618731672326	0.00089543412199463365275
0.76454176945243634833	0.028809546990779338893	0.12220409082355429553	0.00091114079416390939253
0.82009755992284527615	0.0056649350713516011258	0.13639902651442287196	0.00029391852096440854863
0.69663635104156629296	0.22504707621616168445	0.0031661971374751514234	0.00032294717675288437926
0.68984453545902713056	0.21386951109825214079	0.025740141256670668463	0.0008964433251430134475
0.60069214343521726285	0.25642646084294712372	0.070891574288289418981	0.0014060415551606618174
0.6351359313886231206	0.12130635052998445245	0.16166063956472631613	0.0015352890819082930934
0.61746161169653046574	0.073457079979958983529	0.23907563834902634259	0.0015063726356883623721
0.71294642271715547022	0.056181177066040782764	0.16752077210121407713	0.0011242099285519947718
0.71283246658184706845	0.006848801360219813894	0.21890563078754649018	0.0003678177601312556202
0.58696327492115885072	0.32823501244707781188	0.0069837187802128117622	0.00062713483651029658123
0.59646310239956856769	0.29334124754976392824	0.031367522108581999407	0.00096603828834549007251
0.56933710078399757393	0.20933250477997572547	0.14860658343694010952	0.0022648231896621497106
0.53868813773335766371	0.14995522862909882456	0.23139488652342382613	0.0023459488065746985676
0.53354416042203101078	0.087172535368850778692	0.31155797508930804796	0.001307322089806740471
0.6551542025962044935	0.028817236293929265889	0.24503225727254959732	0.00088608466836342838612
0.61937823618038057027	0.0033285680065604505984	0.30719317965570308582	0.00033992647650459245461
0.47576129852033166578	0.43913366802365760844	0.0072693280040023733335	0.0006992690784658163938
0.49398106861911256216	0.38847646674233965447	0.038162066893799084788	0.0015478842863251112121
0.49695671346546194114	0.32695509592625032758	0.081027852749318354797	0.0016155793464045623865
0.51041928772522537905	0.30614004137245043324	0.1156578944093700767	0.0012616307254303112204
0.45278843248981287539	0.29943898044535177672	0.17088199496342718064	0.0022623412150363001426
0.44953693319584531185	0.22900003972707114186	0.24307056194207990463	0.0027596141260969120693
0.44756233952491880634	0.14203863154746915187	0.32928714406464298925	0.0023355160832507892293
0.50384012817454126854	0.050027974835912147888	0.36400775093790216363	0.0013384732037391945322
0.57550859020847500158	0.02421187016384290791	0.32652513972392011032	0.00082754026341484840032
0.5031325096341653369	0.0070782554858710433621	0.4116012909960645727	0.00065723109037546176281
0.36560299732333445544	0.54725644139517115594	0.0084290573159642463025	0.0006433728626949944537
0.38225192428332166461	0.49827960756593825398	0.037822407576573818799	0.0015897148809059010593
0.40631889528693754254	0.42379346218452840223	0.091226413615241849775	0.0022182917056978324749
0.36882561252334733481	0.39344042756303998498	0.15724567846463130549	0.0020960968034656620416
0.35073540024669158655	0.34402303649291032794	0.23642061772698561017	0.0022473663349991978601
0.42819418803777786753	0.31121554979448950995	0.22986772501395960622	0.001952247486347609591
0.35668581725339321142	0.21543994907900682056	0.32535472627007139268	0.0019111603183285634511
0.37125332231495400404	0.18677237508938859811	0.3741817937196851851	0.0016452314156868445751
0.40878385898372626706	0.093786527167724786924	0.4229045697436764617	0.0021363915239685001696
0.41547532823912758371	0.039042454634853174245	0.47287069698111366955	0.0013053650723932029316
0.40338839956374716866	0.0068563218416323179483	0.51512614897498276711	0.00058832364046514443179
0.29096669583401646442	0.62099262766234153421	0.0024245960909493962342	0.00024895326085241844139
0.26447954481910906921	0.62363134616289728207	0.027758760277223452906	0.0013957550663887862211
0.29646486102242464167	0.55363457643251501317	0.077087491087156928549	0.0019315583216102378931
0.29089348873378251259	0.48157227524251178252	0.15298180780525982847	0.0020136563843149565475
0.26331193350098969219	0.4345164034018383914	0.23386811936358428698	0.0020633704149248558932
0.32731471325724614818	0.28400893775361296667	0.30705027840046611454	0.00245692681234545773
0.29128689854894773692	0.20232673580991711315	0.43575091780503316663	0.0019326370116391961874
0.31288069279214414387	0.12891089613505329892	0.47763155376759086623	0.0019792611298409370016
0.29962052187695153993	0.071701223584416218237	0.56363945434805595713	0.001733831871912191883
0.33635665496422062493	0.027793313890792870069	0.56282942221567211494	0.00083273093796036525178
0.29063769656375249006	0.0044968178588432605736	0.61787945780273456631	0.00047184529198503665989
0.21006831060050579207	0.71280545699665032178	0.005748785541219778375	0.00041802703138546135585
0.16109352061382364862	0.72704526868840879672	0.029459082648987295477	0.001033843054556203957
0.19671836448023738431	0.64885897969744010805	0.071507135457376844179	0.0017495663797337120647
0.21288868278266348533	0.5815259673837702703	0.1381206201614098017	0.0020223032268410672321
0.17807145722163686408	0.51920831898976349539	0.22576397230044073505	0.0027007186752394888446
0.23114540187970267215	0.37458546950146187626	0.31779749349398567215	0.0026851272128249475957
0.23829166532673640155	0.27911182415717478156	0.40528945833891810713	0.0026943906215592355706
0.22419516144723550255	0.19028411373077119828	0.47606284448039321022	0.0022511519429685698281
0.2142843062188970471	0.1422831044158601177	0.57267458548206096047	0.0022272396095498543829
0.2144467804757571594	0.074658234767235875928	0.63293646801241154609	0.0013890723950359148801
0.24024179968935499563	0.025745317206056661519	0.65576924859718632721	0.0010934918890146917616
0.19592151815482727883	0.0025455343030063026788	0.70194671286601750815	0.00026549060200668544909
0.12597998346273442394	0.7919116202409929306	0.0058769575037992500752	0.00038254408281784661738
0.07729239663077336342	0.81791489531753536202	0.02723977636465824137	0.00078650191599585468454
0.10991213362330787273	0.73550569559016942822	0.075162609777228356345	0.0013855648740015256027
0.13400769845158155835	0.63969737987891939213	0.14095629832658565506	0.0020703227849268113561
0.14962433087558457689	0.44857203793009531312	0.32743523505978816557	0.0020887786281839908382
0.14995932125655009326	0.34709971225611629952	0.42677842404324956016	0.0026763642827889464262
0.16192508414814399398	0.23980763843061903007	0.51877782506422698283	0.0025163892658131904213
0.13208722290591667914	0.16735962962160233491	0.62341626079946654837	0.0016620761699741015954
0.14883861332999537286	0.099584059408124203649	0.69244352279557042085	0.00078993534475946367186
0.14859363445212192545	0.042013530856819802928	0.73247675209805851448	0.0011042503741555589458
0.15083292781583745867	0.011555740533707337114	0.76267723911862395081	0.00056641159338557348774
0.063308030403414150555	0.84415990824299391715	0.0020612222664963507357	0.00015324793941118476518
0.039327498328175503062	0.80554587967626933853	0.028306342560462043056	0.00061987152906894807738
0.054651333245874456068	0.80176494700214229194	0.075728883616583225757	0.00086478378973080098115
0.065844269180207803949	0.70620486449740471624	0.13975041419664271936	0.0015043225856840218915
0.096945219386628367353	0.60646716883780871221	0.22287025987034342345	0.0019379594439620972859
0.094957166388411007318	0.51091235110294896948	0.31790907229034631731	0.0015445236961872353676
0.078294583833018571717	0.43032587294924379284	0.41673152395772766754	0.0019768265758628410234
0.085419619434490945409	0.31965409388465138019	0.51113671823749473599	0.0020663955410685384481
0.087961008059639578249	0.23599731282709912605	0.60696715738189799261	0.0016189901819959537366
0.080362779988099930506	0.14049814773092128561	0.69296918027556697606	0.0013718403949157247264
0.088638630227445780463	0.077569998628898573223	0.75352536272512959936	0.001066936356158274847
0.078136219259125838654	0.031272408112566263405	0.82191658605791029224	0.00076555974924891363742
0.085626956112753949135	0.0042883649858774797181	0.8277135886372632978	0.00027568996829579605224
0.026879873212951266304	0.88561768722732059356	0.0089021129175190089056	0.00026419348352796150851
0.0046384647776789300622	0.90145640767949564154	0.025095802929319475927	0.00015541520204686803497
0.020558386058884936531	0.84170794099164003566	0.053633619805179631734	0.00054363872856164215629
0.022230347561047469895	0.7594715280059282092	0.12045536730157967165	0.00085100283994797077704
0.033043308228250745096	0.68181841619732586057	0.21279017835273908443	0.0011949732410459290924
0.048926325853651086994	0.58803103539399670385	0.28880478940500786678	0.0011579893400653605302
0.032994709031805125043	0.52190415195746253652	0.37145881216071346964	0.0012502556720852470769
0.032893030861546490584	0.40763833907848107119	0.48197420099788618186	0.00126859403067285147
0.038479981766224691242	0.30172503030485930964	0.58961665751195502239	0.0012689332580554900376
0.038230022948950725947	0.20218369878569919518	0.68187775312592580068	0.0013178066364172170283
0.035810688298529846918	0.11330149244438969536	0.77309848219750965104	0.0009688174136579571355
0.03464817508263107193	0.055862095615073492638	0.83163984155646830665	0.00063798490961876840565
0.033270920774064238756	0.0079518645292041556516	0.87568593915880743594	0.00028261918653507721918
0.00077775083535125411061	0.82730114386104247615	0.057447096176237055776	0.00012294581335494311216
0.005018336440824056055	0.83542548126880278314	0.095782914977231889408	0.0002902337809514632036
0.0054482088538316819637	0.74137205759560453888	0.18401165079847969785	0.00045929744001572508612
0.0079811615282644465807	0.62710430644589365556	0.29156277893180820859	0.00073273741319671774168
0.0062056256016527200359	0.50436101701810320819	0.41283571780797650996	0.00063979487642114871507
0.0063134235872108757093	0.38866663435306425534	0.52623660641814851147	0.00059453412351342927161
0.0085244411302533018571	0.27279989075500821194	0.64003011053904146355	0.00067492124411590716064
0.0076195656322384230918	0.17031405171158187084	0.74755922511377659312	0.00055405057382674940524
0.0062157319889583062533	0.092935927863263101401	0.82926733273153196979	0.0003568521869343897388
0.0070672946160674765537	0.035408294477384916199	0.8809117089231226494	0.0002530275293713931989
0.0057168719671711887287	0.0059758041556744467826	0.90537437674157272838	8.9585907654189442088e-05
0.95493048770229083111	0.0049407162964018713075	0.0076020468438908455483	5.3590961594025834599e-05
0.93414220383368506972	0.028995019579873465565	0.0051800054768419163259	0.00011529856227082499888
0.89045906442970967909	0.036837125016436579605	0.036042821897543729504	0.00045200185971402392698
0.92601421405141448595	0.0071086258254792478173	0.029738141828178327186	0.0001226320437257305703
0.88708181476638836571	0.075766802150210268985	0.0084130943936863156196	0.00024277890695114788967
0.83582467202594989963	0.090115687761398763356	0.033632143103222711389	0.00048865485766518197176
0.83143023644689906249	0.078218317146116517202	0.070351983962421010821	0.0005466359041361580455
0.89166024231080087681	0.0071077209270595520518	0.068597959950969594756	0.0002200425989938394381
0.82213396779860870023	0.1497172093610278365	3.2942430105000705731e-06	9.4623099700278677829e-05
0.80703636233116449183	0.14775670735384444088	0.021690258009250961563	0.00047395813780497946834
0.75176681733768679905	0.14224260535048149912	0.077467195109382644413	0.0008928542545252460402
0.71381317970148916441	0.10972847084802139772	0.12296633005653542781	0.0010351469286866529958
0.83228019851961976272	0.033483949435692217378	0.099597592955380453983	0.00066883323245562720065
0.83183673610215225214	0.0074197456048533672046	0.15282825893723353539	0.00014995534031602973418
0.7331839303460301327	0.22707643208687114389	0.0096334741536774643605	0.00040431850136641320301
0.70684160051014499615	0.21537841040880767451	0.047853548039582791129	0.00085769429147095370067
0.65691057797626595249	0.17553622458269249607	0.13726262858727630856	0.0012975548696016251087
0.68236592924638772573	0.064807808199523586623	0.23123017602641365853	0.00080576581879156011431
0.75196058061196557887	0.024717387509487293018	0.18997985539654224652	0.00067616059182112745515
0.74484287805146287553	0.00011624714127300705968	0.23301674319097276378	0.00011556261380793789693
0.6486123961797428672	0.31322219635822501349	0.0058926907015021375361	0.00031641511555071549257
0.61678646228617517444	0.31688236597199392897	0.034274634455300517777	0.0009498088292935296913
0.62354800909522101193	0.2523367223830613737	0.093904652424092890928	0.0012193749319854268326
0.54274765107241929041	0.21371265042116793786	0.21114192606749748737	0.0017208852984229999761
0.63387225632455579394	0.12358588277957724411	0.20871074815249748835	0.0014621072199218169019
0.6003603163193302894	0.089577695250424527185	0.3036358788331299241	0.00059618731280836956884
0.614443426604184606	0.046653164931692969741	0.30805253461478804278	0.00096192563004915735379
0.65954842285204584584	0.012660462653207082973	0.29984827078392878308	0.00048462952234619866834
0.5476540023911684596	0.41414465675668582501	0.0064350801393749006499	0.00038091953882261181657
0.50552231411072168221	0.43133444497011691476	0.030220211429764477773	0.00081439744531290830885
0.52486743471921171178	0.36329966678656722134	0.077562345579375871485	0.0014875820137897374611
0.52912711047961735744	0.29054983356595637245	0.15120672231880433189	0.0014038879339906482069
0.4913533647309137331	0.27479238596017419027	0.22854298168373166078	0.00066648971434880345272
0.50657790996493656799	0.16531918866737826956	0.29526181181859378899	0.0013282514700619211558
0.55036558329823326297	0.11160215414019669655	0.30768074524822469629	0.0011015497193227166868
0.49913438612970184582	0.073983056148054726631	0.39548679417031568084	0.0012175971905568159365
0.51979874960435934472	0.026548042353567058438	0.41689376237782244106	0.00086409729237284477014
0.57526900195918406755	0.0040726237866370862406	0.39155133043044965113	0.0002727521523097302782
0.4333248846264716736	0.53178316151184112925	0.0016520069365619776281	0.0002060151945262888337
0.4112961805604647969	0.53442992060196914395	0.021587699837735310066	0.0007268404471719885386
0.41272261105458429853	0.48381989288628313162	0.07030405241677864514	0.0014403996682691815046
0.42916886259392572622	0.39712073058417646232	0.1411642173722020277	0.0018336104805420101044
0.33306068060025650901	0.43223587559370169053	0.20542055541496903603	0.0015687494368335980818
0.4175358087334708479	0.2340478641622465994	0.313309308750258253	0.0019596655226512484267
0.41843669835841634796	0.14375737846698138922	0.40762781152294641496	0.0017938758033831515674
0.39592812392462761739	0.071979549908012807613	0.50157069592006564562	0.00131204770148237327
0.42555267935771368126	0.025574959629195315181	0.52092615876857617518	0.00065047136012578088068
0.46022750537878598376	0.0039592707727034159859	0.50565059471362650001	0.00027161577010012018241
0.31057927603535429029	0.64858812464868786929	0.0070360273568030344202	0.00045583722818155151396
0.31679460768234335433	0.60974274079040158281	0.037408746220232075297	0.00084433917531230302626
0.30628269126096130393	0.59392876531870797407	0.073702459280636026251	0.00076344565801697084669
0.32384191159729858178	0.51451754932506488238	0.12767768455736128175	0.001604432430227115472
0.30912629455019347002	0.38265669819968478604	0.28142888428100826248	0.0013128774436355320106
0.31269245791626909536	0.30641403889874824218	0.34588390384683792567	0.0019473382150599618731
0.32187851811181811268	0.22350111171996478454	0.42735496254083937817	0.0017328634565326708934
0.31319560391053435922	0.13601090787764258394	0.51683624855170728907	0.0017126570176190045874
0.28646498838584977253	0.075713606353256523995	0.6160232783453738481	0.00090635489626655191785
0.3198729319087287859	0.031256737369757425782	0.61771535599378990522	0.00076725500888758142466
0.33887841905730442527	0.0055174603278499434467	0.62114738512325107234	0.00037877838767192903435
0.20945692952415417842	0.75831148347990240399	0.0036308046745885092475	0.00018056257481397923513
0.2215157075219232885	0.71890867107083045173	0.026140492074087379876	0.0007220656111705276315
0.21645132276748724198	0.67792329538362261498	0.07115080876594614967	0.0010936563248675399123
0.22740538969690660132	0.61581535863785563656	0.13151005474547045049	0.0012068164925140294381
0.2315640532045605271	0.52455085769706366605	0.21424198948960523903	0.0018367027016620916628
0.21361582814590396318	0.43282273550591743305	0.32193011671801063933	0.0019581096944379767187
0.21511634282584046751	0.32597055816472481071	0.42795888126717368527	0.0020780148488309117989
0.22381836953290312753	0.21847384065786090712	0.52265375738426067542	0.0021199593237797788488
0.21709738158270308617	0.1283190110816320173	0.62760931106721729034	0.0013198520338079521453
0.20606928184635830981	0.061865533885997137098	0.69750989994698253671	0.00096141258149124602696
0.22870317127084471842	0.023364166620907456107	0.71542997586453171976	0.00054393792875160782655
0.22956337772837298594	0.0041727290500029878828	0.727416644328571671	0.00029475696756736224479
0.13450400854377553284	0.82734664569943239254	0.0085782997503445271303	0.00032524190115562796877
0.13754037927295292842	0.78401507756407384786	0.04225314162854213601	0.00080079037355631848237
0.13882035488340127571	0.71910265542203277711	0.10629017287310633944	0.0012471278646116533244
0.14433862176004219613	0.63548237844802546448	0.18787290522932353909	0.0015804772497120442819
0.14061684486651337966	0.54057263980193592801	0.28679404677502906562	0.0017184019161388293384
0.13198837575271449296	0.42495345394928074612	0.41217132945099954622	0.0018854445437376688311
0.13600893615654652269	0.29968865386975240828	0.53080597258691930573	0.0018074187675839220764
0.14054268596645025369	0.19751192682856555383	0.63233939889409407353	0.0014905575709716876748
0.13128275526036581322	0.12034276010064770546	0.71420536744895402048	0.00098542691051180090513
0.12189922393103613807	0.062803670815253620496	0.78343947130670998913	0.00060735631426446414632
0.14410661733815222085	0.026938302129603686197	0.80213914868475333364	0.00053462243101694403771
0.13864418538297695882	0.0039527275202443368229	0.82275684226325174198	0.00019897180259599331711
0.070590672783179320149	0.88501721717897408048	0.006934604680438869774	0.00023292728716866386305
0.078910295962018373039	0.85399462782720858556	0.038620667791789346779	0.00044371717931790367277
0.077731332286757770511	0.80757784847642199999	0.088424162546613505054	0.00066959386403837460513
0.075050570042900166534	0.73124491638379540692	0.15632343395626346894	0.001132645954660084324
0.072471117685925512397	0.65307753661830647562	0.24467473535109077187	0.0011055418473871916982
0.077293076785822312225	0.54824122522390317247	0.34244267078272438987	0.0011752221948131062572
0.06114975873450401167	0.48114635463628774303	0.42807663763651659927	0.00091805830848038047932
0.074822119449216240028	0.37053796748678158313	0.52136854762476669833	0.0014088048013659976946
0.072173679650692434961	0.25880113371008950374	0.64184840849034718868	0.0011404464652774409621
0.067993849385331706081	0.16507660440723914697	0.73227306567654726344	0.0011405949706473259529
0.0707830368749056138	0.091386171913729885574	0.80325379889688341972	0.00067910919325087039031
0.07383788668022717161	0.037287544974735076231	0.8648160173799881445	0.00036844424669758743226
0.076148008686763413166	0.0087139261295565706433	0.88188606652386680729	0.00023820100166791380487
0.029151240991311722084	0.93931424249515815816	0.0047166467741731350066	9.6089316471457608877e-05
0.033416510430556822797	0.89496831082855055062	0.031639828226431958302	0.00037076619504824027528
0.029843280892107526547	0.86031380919749622649	0.082270365929595218324	0.00040429905880670310471
0.028106997820459111992	0.79436403776709296753	0.13443362104888023634	0.00060703338822642094116
0.028442849057433439164	0.73887440771293722008	0.20661058595971940055	0.00058328057458004417372
0.028749079455540060835	0.63303313464631583152	0.30692819068291155027	0.00079621470976780502581
0.02316863516911660259	0.53411323818448908085	0.41293239242790824584	0.00063358949030430577673
0.026776630648952970404	0.42805302568558201148	0.51064220754504663358	0.0006986898164523815645
0.030874854460602674244	0.32974012256383600228	0.61043396333633226369	0.00068708143423144428952
0.023680687548351175842	0.23398016334393012539	0.7114514806668240654	0.00068723506344010659112
0.021438786418258026778	0.14600201842907301053	0.80128146367950836559	0.00058404595342142757823
0.03685728313091363173	0.076893349506396591053	0.85625680198923914688	0.00040337802415636459788
0.028441420351556279122	0.028592106688503649004	0.90541210224954515873	0.00034395461329198202555
0.036862901508090240021	0.0032668957248153107642	0.92548534472990928723	8.7889996365473211769e-05
0.0052824746837959457579	0.94511697690786700132	0.0013493123701456932566	3.2414683611513037489e-05
0.0067599758051404279513	0.95023872050789703891	0.017986001179899579333	9.1163385335924797519e-05
0.006334005698443778698	0.90418771412483345262	0.059282334561819853558	0.000186265571816992756
0.0052087142269255926053	0.82609784453125789661	0.14437468334107431134	0.00024017069891037683789
0.0053137672457556073269	0.71744988932589004449	0.24838929872259143949	0.00030774790040368166059
0.0038006097609778466406	0.59794605012808121902	0.36678674201547412093	0.00028676113137661538455
0.0044823295940285001748	0.46930244445169827516	0.49536154424183381773	0.00031259310284114972004
0.0059630372469673398328	0.34938612932215207252	0.60965992101303267958	0.00039087908547128392273
0.0026528223318458277191	0.24227824916624052243	0.71969389546628670384	0.00021042077063259761972
0.00040612084328350839257	0.14863466104942990587	0.82377606717164530981	0.00010728415475374738532
0.0086888198951575734696	0.076112786728935954983	0.88561785014000227179	0.00024442908493168484085
0.0019066029803133099918	0.033293993393889165233	0.93400984638913775449	6.7470692806556728169e-05
0.0077559346291825592701	0.0067557489340129839306	0.95264745012122031831	7.5828462967532508443e-05
0.98156939396413334098	0.0074622908153173421811	0.0050387968060786282251	2.5394492953066205663e-05
0.94555240811798657585	0.045348044380315262469	0.0039750407007252391151	4.7327177636514868541e-05
0.94280418667012244605	0.026687533538121453042	0.022995502152183346783	0.00011429481338870879073
0.95438672872961471949	0.0044854724127536410583	0.034544938361493540691	5.4658378509357216537e-05
0.88095226461303954846	0.10787542569446244289	0.0053793872619421444214	8.9488450244408496029e-05
0.88972181905742275809	0.074320569309058795437	0.029983551943626760711	0.00022036996692073959224
0.82675627107755855771	0.078128477648701954994	0.093066330353215181992	0.00018709232411550773831
0.89573574039980763395	0.030938947405251937539	0.066702001268111113519	0.00022230917867313392108
0.8986254685315872015	0.0060089735356351481332	0.089190385170440464324	9.2659048215042508472e-05
0.81508141825801150304	0.16739949088330954852	0.014075396884287581095	0.00011582287637750760868
0.80760309711156141876	0.13740050216206717293	0.049745372047561561835	0.00030488533539780216138
0.75661717773972714252	0.076091473131410264363	0.14459828796636145509	0.0008636064543031628498
0.81777721343469811366	0.035518556301044168499	0.14018707245734557398	0.00032093589773765640594
0.7711195113784570232	0.22118740781786475069	0.0015650480939199686806	6.683883974928134155e-05
0.72086157348312562831	0.24497649766383439163	0.028077755697907606086	0.00035620031831070823403
0.7174595602249531634	0.19893718812553240483	0.078433159608608901681	0.00042868380202959487958
0.73630685602075174323	0.12794246979539808384	0.12915857677875036691	0.0005609787269816196055
0.72949471470949056595	0.067903992483308944772	0.20033011023172678233	0.00027100070538749030822
0.73276731057885080567	0.022459419114389839178	0.23647597884937551771	0.00032749829215612889354
0.76737679323190421954	0.0052202057766699838659	0.22610673362415367738	4.6051623826894096136e-05
0.6679210118395395579	0.31986662303177870736	0.0062139852535245398979	0.00015599196889931932794
0.60547931595978110586	0.35769465884342704909	0.030653505944617284729	0.00034619971781034154486
0.62298717175687190473	0.29757467986540409033	0.073242941724233595613	0.00056827447264160653104
0.63028912716653318071	0.21829993689949001023	0.14575170799291947699	0.00065867435463788973592
0.64873600886107318786	0.13371192049450858486	0.21135886115370583482	0.00061999835525888130888
0.6510493503981464869	0.040179552286080333356	0.3057888241586118605	0.00021965693423243523997
0.6539319815149118309	0.0056664658489087860183	0.33542859498222410419	0.0001427716667547226741
0.557184120721682552	0.43070272949870713752	0.0059772769569960675778	0.00016175538023077001837
0.50557313924623970003	0.45033212082973439472	0.037793153056449320382	0.00039515719539682007348
0.50979705334595970534	0.39774007426642343788	0.085761747153205669658	0.0006151979147659620336
0.53716780354417448251	0.31524260877981297169	0.14166648726712888218	0.00065826479367547005659
0.56178371130292636959	0.19903362345073269402	0.23225252727135328734	0.00062752578642246510578
0.52483971307348475932	0.15326262129040157944	0.31641084424065196723	0.00059707512414918103259
0.50715342722609313419	0.074760475773749279771	0.4121309580017851748	0.00053251355414715261915
0.57334577041760659277	0.030330724786972795837	0.38818228527199089006	0.00042238188929613683202
0.52812241610987153972	0.0071211380458969242291	0.45939396724660813698	0.00018547798089709729768
0.45087730066352482705	0.53379345861157256881	0.0089933365057910368695	0.00022828211373770247771
0.40579953872645735391	0.54212623986079389038	0.045932446140034159654	0.00043238990239387721601
0.40877037462251619715	0.48051697833313528063	0.10427577944303118018	0.00064948898821755903909
0.42610167703711299136	0.39420766259900685835	0.17379297906244373095	0.00078422910035418438336
0.39447715876896438658	0.33159162333965602754	0.26726935695545522842	0.00068078240465701633875
0.43669270767451484616	0.22475933581903489999	0.33126506387039872381	0.00091063767864890286449
0.44300109628556916253	0.13329163101721952511	0.41786804341706385024	0.00063397589270474188905
0.37895894030606580571	0.087172682992910810462	0.52815189152868524669	0.00057967189518586654216
0.45588611650323507263	0.036816577729578692235	0.50158476882577285316	0.00040899028091190736851
0.40517872040342650664	0.0070215835477304144874	0.58175400831955459413	0.00020230081722246882545
0.34989793786432665801	0.63885172541301427085	0.0047836822711602869709	0.00013558907902427600671
0.33163388819223915682	0.63373396070445164874	0.027855711416353748366	0.00033069596193689005086
0.31474757968004563047	0.59272140210851276265	0.087085520408995947816	0.0005135500732214466884
0.31726044331683334043	0.51257317228592358394	0.16356022323617244729	0.00079683716662898524188
0.32462535584768337227	0.42391490059399017376	0.24697468384370713235	0.00059523326129672766115
0.33662844085034182573	0.30371878287878761871	0.35373011423318057034	0.0007739410310460005096
0.35438973117293459669	0.20501915988415780889	0.43583647729921842773	0.00062934965700655481381
0.32642620443162284616	0.14571007732894225573	0.52077840971614208776	0.0005859773552830598118
0.33915978190638784717	0.037252465441871995822	0.61824886521930744188	0.00040069260939266498336
0.28981484408642399497	0.0071320953623223992679	0.69598656696352123596	0.00021513962716666895506
0.24470786537560662577	0.74181697725332507165	0.0074285587488685670202	0.00017623998575451289253
0.24563754314673902357	0.70619020139988641915	0.04167831610736048159	0.00040164349659821478285
0.2267401446437605772	0.67239265277017690181	0.096036283111009257407	0.00039292681222343264769
0.22900883622652701277	0.59540809480645484619	0.17096895766911837655	0.0005247205441875817198
0.23419643243362753271	0.49265791036541450865	0.26714170908682355332	0.00077857128334958493505
0.25321312830235331859	0.38421997215103853573	0.35629628907374433222	0.00080732071802259021236
0.25147193369808795715	0.27651616367715159406	0.46589006492442863738	0.00092265147698376728889
0.24829531156730155761	0.18127605748112529671	0.56382787755354812909	0.00074097971643203133004
0.26129181678294066682	0.094358458973271441828	0.64114205505253940576	0.0004189286131140101347
0.23044924547432910078	0.037031634053006468044	0.72635983026163453147	0.0004054167632434984821
0.14848895720857191449	0.84441771475487192866	0.0025461606175381391176	5.7996524165291911867e-05
0.16184630984354819727	0.8073035750257270271	0.024547662420182383286	0.00027479345463783688176
0.15643548122090222829	0.76464478631292642774	0.07104517484538491745	0.00051405703761369888651
0.14886543864526058378	0.70018080186274311849	0.14447753735011348297	0.00060471400783881099159
0.15821430209535758404	0.59748044857251014772	0.23821797147558346208	0.00068036817555302501331
0.15241240464025618273	0.49558299409723721718	0.34567382670321317173	0.00078186676243680508155
0.18311469635030275249	0.39669804890466831004	0.41516245744039215193	0.00047285044086860814148
0.15068940454780366256	0.35043353941784066707	0.4922032058941859245	0.00069636352367093861705
0.16837480415463068617	0.25261185216864900926	0.57249957143983198904	0.0007674078770626814941
0.17106771978367318887	0.15546505569015334203	0.66838189902231837092	0.0005443783288413587499
0.16683800353933841976	0.083332997830808941409	0.74212512275728581557	0.00059458312874631220456
0.13658426099090681394	0.033489422278043079473	0.8261455827462421686	0.00021380224228232980231
0.18809309303079402298	0.0065715205469104587266	0.79834365817202534998	0.00017378131663767893518
0.079430413653218012726	0.9064268380849287432	0.0067201671817681985638	0.00011191999077815977513
0.090196540716625528411	0.87085024415185940949	0.033611117555826991454	0.00021002997055051851128
0.089656049260441461612	0.81929037894540379661	0.086600805593361446233	0.00028335772316166773273
0.08384647492906094346	0.74924709408227507801	0.1598988762453394108	0.0004785629412086671872
0.092462724966336340415	0.65928275385777990181	0.24212406872214464748	0.00051298013761367621671
0.086022684395561266335	0.56821856799218628531	0.33986157929717647486	0.00056091470480823600164
0.0899718184339233229	0.45170602972175177836	0.45240269457353843308	0.00067520352144643668198
0.085192324838651689589	0.33846883743545064238	0.57028218374365324816	0.00061072172167700618239
0.099010225213851388304	0.23601152713510387127	0.66000178522028996042	0.00049901543586048095931
0.098102363566286987506	0.14834976060456317448	0.74635374166100820759	0.00054940622368620172736
0.090334709359064402356	0.080467484049182247396	0.82330616661073197093	0.00035638327382371131095
0.064984689782681903658	0.031821933786400968813	0.89802030119020259669	0.00015963450062970340653
0.10117039973314656542	0.0060364340438912034159	0.88632591004129168688	0.00011686945995245342535
0.031548615727443496404	0.95765954327077174035	0.0069433433563730884153	4.3841382788643456939e-05
0.036325134489638921664	0.92343657597191741715	0.031617275752484054474	0.00016898122216487678707
0.037618957749847026228	0.88508844630570071566	0.072639562041632521616	0.00017535008510568007834
0.036664923265200100033	0.81437123999337202029	0.14163824825646573191	0.00035483096157857706068
0.03831551189658444212	0.72095669121697514292	0.23613911974188001031	0.0003133817985874595073
0.037430552328553190478	0.62433436802874875404	0.33175950560783179499	0.0003759348166646804025
0.036802138426170971641	0.52638573822281586878	0.43143317817924126123	0.00036140113219810870646
0.03675338903573377447	0.41929083740878403397	0.53711188954158783915	0.00046301222448267588799
0.03534258819153823783	0.30929203824522344402	0.65044236563064961043	0.00034267369352155717561
0.043236553827110113524	0.21051515499559925182	0.740319544838180299	0.00039419658380992339671
0.04191183213130822427	0.12866461042849386409	0.82280911157179659199	0.00031583884162421951543
0.033716494995065016127	0.069452543935445643086	0.8916283866626771859	0.00016664554909247527898
0.019485551468061190761	0.030982838795917899688	0.94139750464333438185	0.00011770706869025287036
0.039680955824281660682	0.0066830426831228084694	0.9470682266094829771	7.9179272428001011021e-05
0.0051862613728340667407	0.98341015474989235123	0.0048168583421050459314	1.9765561045358220557e-05
0.0071458965759253478822	0.95397897997144509574	0.034631396559924795819	5.4772870167107494648e-05
0.0066205611202740932697	0.9019254504715252807	0.0846278280835929958	9.6561600866360762464e-05
0.0084728482316345221648	0.85139764942899276434	0.13694770568192773941	6.5919647679594015445e-05
0.0070241826572932097861	0.77480228494009506512	0.21322431860928442449	0.0001352613088529789633
0.0074682879825987980027	0.66760445511814814346	0.31898091035463721488	0.00019511842962304786907
0.0069617094677748569964	0.5516509873368226069	0.43557836741295696825	0.00019111257696058353952
0.0072596112620719743802	0.43370692764369744854	0.55295879231587163893	0.00019547819573531086796
0.0064750005169644797576	0.32699959361239427924	0.65948671315606688381	0.00018241381172419678667
0.007720110607894237198	0.23086382962890017456	0.75493798189683902766	0.00017545297285383892362
0.0093574248262677794941	0.15244649315706149117	0.83300368263021773441	0.00013131481402615263364
0.0063618209211777632106	0.087551193581593023119	0.90047290589814732442	8.8159417157606168361e-05
0.0027776030102901749785	0.03599828820923711703	0.95646273707803386444	2.7216728062293170983e-05
0.0069548965231007731091	0.0060041733243804129572	0.98107521166437405835	2.701973547419053877e-05
